#k in inverse Angstrom
0.00099346
0.000994858
0.000996258
0.00099766
0.000999064
0.00100047
0.00100188
0.00100329
0.0010047
0.00100611
0.00100753
0.00100895
0.00101037
0.00101179
0.00101321
0.00101464
0.00101607
0.0010175
0.00101893
0.00102036
0.0010218
0.00102324
0.00102468
0.00102612
0.00102756
0.00102901
0.00103046
0.00103191
0.00103336
0.00103481
0.00103627
0.00103773
0.00103919
0.00104065
0.00104212
0.00104358
0.00104505
0.00104652
0.001048
0.00104947
0.00105095
0.00105243
0.00105391
0.00105539
0.00105688
0.00105836
0.00105985
0.00106135
0.00106284
0.00106433
0.00106583
0.00106733
0.00106883
0.00107034
0.00107185
0.00107335
0.00107486
0.00107638
0.00107789
0.00107941
0.00108093
0.00108245
0.00108397
0.0010855
0.00108703
0.00108856
0.00109009
0.00109162
0.00109316
0.0010947
0.00109624
0.00109778
0.00109932
0.00110087
0.00110242
0.00110397
0.00110553
0.00110708
0.00110864
0.0011102
0.00111176
0.00111333
0.00111489
0.00111646
0.00111803
0.00111961
0.00112118
0.00112276
0.00112434
0.00112592
0.00112751
0.0011291
0.00113068
0.00113228
0.00113387
0.00113547
0.00113706
0.00113866
0.00114027
0.00114187
0.00114348
0.00114509
0.0011467
0.00114831
0.00114993
0.00115155
0.00115317
0.00115479
0.00115642
0.00115804
0.00115967
0.0011613
0.00116294
0.00116458
0.00116621
0.00116786
0.0011695
0.00117115
0.00117279
0.00117444
0.0011761
0.00117775
0.00117941
0.00118107
0.00118273
0.0011844
0.00118606
0.00118773
0.0011894
0.00119108
0.00119275
0.00119443
0.00119611
0.0011978
0.00119948
0.00120117
0.00120286
0.00120455
0.00120625
0.00120795
0.00120965
0.00121135
0.00121305
0.00121476
0.00121647
0.00121818
0.0012199
0.00122161
0.00122333
0.00122505
0.00122678
0.00122851
0.00123023
0.00123197
0.0012337
0.00123544
0.00123717
0.00123892
0.00124066
0.00124241
0.00124415
0.0012459
0.00124766
0.00124941
0.00125117
0.00125293
0.0012547
0.00125646
0.00125823
0.00126
0.00126177
0.00126355
0.00126533
0.00126711
0.00126889
0.00127068
0.00127247
0.00127426
0.00127605
0.00127785
0.00127965
0.00128145
0.00128325
0.00128506
0.00128686
0.00128868
0.00129049
0.0012923
0.00129412
0.00129594
0.00129777
0.0012996
0.00130142
0.00130326
0.00130509
0.00130693
0.00130877
0.00131061
0.00131245
0.0013143
0.00131615
0.001318
0.00131986
0.00132171
0.00132357
0.00132544
0.0013273
0.00132917
0.00133104
0.00133291
0.00133479
0.00133667
0.00133855
0.00134043
0.00134232
0.00134421
0.0013461
0.00134799
0.00134989
0.00135179
0.00135369
0.0013556
0.00135751
0.00135942
0.00136133
0.00136325
0.00136517
0.00136709
0.00136901
0.00137094
0.00137287
0.0013748
0.00137673
0.00137867
0.00138061
0.00138255
0.0013845
0.00138645
0.0013884
0.00139035
0.00139231
0.00139427
0.00139623
0.0013982
0.00140016
0.00140214
0.00140411
0.00140608
0.00140806
0.00141004
0.00141203
0.00141402
0.00141601
0.001418
0.00142
0.00142199
0.00142399
0.001426
0.00142801
0.00143002
0.00143203
0.00143404
0.00143606
0.00143808
0.00144011
0.00144213
0.00144416
0.0014462
0.00144823
0.00145027
0.00145231
0.00145435
0.0014564
0.00145845
0.0014605
0.00146256
0.00146462
0.00146668
0.00146874
0.00147081
0.00147288
0.00147495
0.00147703
0.00147911
0.00148119
0.00148327
0.00148536
0.00148745
0.00148954
0.00149164
0.00149374
0.00149584
0.00149795
0.00150005
0.00150217
0.00150428
0.0015064
0.00150852
0.00151064
0.00151277
0.00151489
0.00151703
0.00151916
0.0015213
0.00152344
0.00152558
0.00152773
0.00152988
0.00153203
0.00153419
0.00153635
0.00153851
0.00154068
0.00154285
0.00154502
0.00154719
0.00154937
0.00155155
0.00155373
0.00155592
0.00155811
0.0015603
0.0015625
0.0015647
0.0015669
0.0015691
0.00157131
0.00157352
0.00157574
0.00157796
0.00158018
0.0015824
0.00158463
0.00158686
0.00158909
0.00159133
0.00159357
0.00159581
0.00159806
0.0016003
0.00160256
0.00160481
0.00160707
0.00160933
0.0016116
0.00161387
0.00161614
0.00161841
0.00162069
0.00162297
0.00162525
0.00162754
0.00162983
0.00163213
0.00163442
0.00163672
0.00163903
0.00164133
0.00164364
0.00164596
0.00164827
0.00165059
0.00165291
0.00165524
0.00165757
0.0016599
0.00166224
0.00166458
0.00166692
0.00166927
0.00167162
0.00167397
0.00167632
0.00167868
0.00168105
0.00168341
0.00168578
0.00168815
0.00169053
0.00169291
0.00169529
0.00169768
0.00170007
0.00170246
0.00170486
0.00170725
0.00170966
0.00171206
0.00171447
0.00171689
0.0017193
0.00172172
0.00172414
0.00172657
0.001729
0.00173143
0.00173387
0.00173631
0.00173875
0.0017412
0.00174365
0.00174611
0.00174856
0.00175102
0.00175349
0.00175596
0.00175843
0.0017609
0.00176338
0.00176586
0.00176835
0.00177084
0.00177333
0.00177582
0.00177832
0.00178083
0.00178333
0.00178584
0.00178836
0.00179087
0.00179339
0.00179592
0.00179844
0.00180097
0.00180351
0.00180605
0.00180859
0.00181113
0.00181368
0.00181624
0.00181879
0.00182135
0.00182392
0.00182648
0.00182905
0.00183163
0.0018342
0.00183679
0.00183937
0.00184196
0.00184455
0.00184715
0.00184975
0.00185235
0.00185496
0.00185757
0.00186018
0.0018628
0.00186542
0.00186805
0.00187068
0.00187331
0.00187594
0.00187859
0.00188123
0.00188388
0.00188653
0.00188918
0.00189184
0.0018945
0.00189717
0.00189984
0.00190251
0.00190519
0.00190787
0.00191056
0.00191325
0.00191594
0.00191864
0.00192134
0.00192404
0.00192675
0.00192946
0.00193217
0.00193489
0.00193762
0.00194034
0.00194307
0.00194581
0.00194855
0.00195129
0.00195404
0.00195679
0.00195954
0.0019623
0.00196506
0.00196782
0.00197059
0.00197337
0.00197614
0.00197893
0.00198171
0.0019845
0.00198729
0.00199009
0.00199289
0.00199569
0.0019985
0.00200132
0.00200413
0.00200695
0.00200978
0.00201261
0.00201544
0.00201827
0.00202112
0.00202396
0.00202681
0.00202966
0.00203252
0.00203538
0.00203824
0.00204111
0.00204398
0.00204686
0.00204974
0.00205263
0.00205551
0.00205841
0.0020613
0.0020642
0.00206711
0.00207002
0.00207293
0.00207585
0.00207877
0.0020817
0.00208463
0.00208756
0.0020905
0.00209344
0.00209639
0.00209934
0.00210229
0.00210525
0.00210821
0.00211118
0.00211415
0.00211713
0.00212011
0.00212309
0.00212608
0.00212907
0.00213207
0.00213507
0.00213807
0.00214108
0.00214409
0.00214711
0.00215013
0.00215316
0.00215619
0.00215922
0.00216226
0.0021653
0.00216835
0.0021714
0.00217446
0.00217752
0.00218058
0.00218365
0.00218673
0.0021898
0.00219289
0.00219597
0.00219906
0.00220216
0.00220526
0.00220836
0.00221147
0.00221458
0.0022177
0.00222082
0.00222394
0.00222707
0.00223021
0.00223335
0.00223649
0.00223964
0.00224279
0.00224595
0.00224911
0.00225227
0.00225544
0.00225862
0.00226179
0.00226498
0.00226816
0.00227136
0.00227455
0.00227775
0.00228096
0.00228417
0.00228738
0.0022906
0.00229383
0.00229706
0.00230029
0.00230353
0.00230677
0.00231001
0.00231327
0.00231652
0.00231978
0.00232305
0.00232631
0.00232959
0.00233287
0.00233615
0.00233944
0.00234273
0.00234603
0.00234933
0.00235264
0.00235595
0.00235926
0.00236258
0.00236591
0.00236924
0.00237257
0.00237591
0.00237925
0.0023826
0.00238596
0.00238931
0.00239268
0.00239604
0.00239942
0.00240279
0.00240617
0.00240956
0.00241295
0.00241635
0.00241975
0.00242315
0.00242656
0.00242998
0.0024334
0.00243682
0.00244025
0.00244369
0.00244713
0.00245057
0.00245402
0.00245747
0.00246093
0.00246439
0.00246786
0.00247134
0.00247481
0.0024783
0.00248178
0.00248528
0.00248878
0.00249228
0.00249579
0.0024993
0.00250282
0.00250634
0.00250986
0.0025134
0.00251693
0.00252048
0.00252402
0.00252758
0.00253113
0.0025347
0.00253826
0.00254183
0.00254541
0.00254899
0.00255258
0.00255617
0.00255977
0.00256337
0.00256698
0.00257059
0.00257421
0.00257783
0.00258146
0.0025851
0.00258873
0.00259238
0.00259603
0.00259968
0.00260334
0.002607
0.00261067
0.00261434
0.00261802
0.00262171
0.0026254
0.00262909
0.00263279
0.0026365
0.00264021
0.00264392
0.00264764
0.00265137
0.0026551
0.00265884
0.00266258
0.00266633
0.00267008
0.00267384
0.0026776
0.00268137
0.00268514
0.00268892
0.00269271
0.0026965
0.00270029
0.00270409
0.0027079
0.00271171
0.00271552
0.00271935
0.00272317
0.00272701
0.00273084
0.00273469
0.00273853
0.00274239
0.00274625
0.00275011
0.00275398
0.00275786
0.00276174
0.00276563
0.00276952
0.00277342
0.00277732
0.00278123
0.00278514
0.00278906
0.00279299
0.00279692
0.00280086
0.0028048
0.00280874
0.0028127
0.00281666
0.00282062
0.00282459
0.00282856
0.00283255
0.00283653
0.00284052
0.00284452
0.00284852
0.00285253
0.00285655
0.00286057
0.00286459
0.00286863
0.00287266
0.00287671
0.00288075
0.00288481
0.00288887
0.00289293
0.00289701
0.00290108
0.00290516
0.00290925
0.00291335
0.00291745
0.00292155
0.00292567
0.00292978
0.00293391
0.00293804
0.00294217
0.00294631
0.00295046
0.00295461
0.00295877
0.00296293
0.0029671
0.00297128
0.00297546
0.00297965
0.00298384
0.00298804
0.00299224
0.00299646
0.00300067
0.0030049
0.00300912
0.00301336
0.0030176
0.00302185
0.0030261
0.00303036
0.00303462
0.00303889
0.00304317
0.00304745
0.00305174
0.00305604
0.00306034
0.00306465
0.00306896
0.00307328
0.0030776
0.00308193
0.00308627
0.00309061
0.00309496
0.00309932
0.00310368
0.00310805
0.00311242
0.0031168
0.00312119
0.00312558
0.00312998
0.00313439
0.0031388
0.00314322
0.00314764
0.00315207
0.0031565
0.00316095
0.0031654
0.00316985
0.00317431
0.00317878
0.00318325
0.00318773
0.00319222
0.00319671
0.00320121
0.00320572
0.00321023
0.00321474
0.00321927
0.0032238
0.00322834
0.00323288
0.00323743
0.00324199
0.00324655
0.00325112
0.00325569
0.00326028
0.00326486
0.00326946
0.00327406
0.00327867
0.00328328
0.0032879
0.00329253
0.00329716
0.0033018
0.00330645
0.0033111
0.00331576
0.00332043
0.0033251
0.00332978
0.00333447
0.00333916
0.00334386
0.00334857
0.00335328
0.003358
0.00336272
0.00336746
0.0033722
0.00337694
0.00338169
0.00338645
0.00339122
0.00339599
0.00340077
0.00340556
0.00341035
0.00341515
0.00341996
0.00342477
0.00342959
0.00343442
0.00343925
0.00344409
0.00344894
0.00345379
0.00345865
0.00346352
0.00346839
0.00347327
0.00347816
0.00348306
0.00348796
0.00349287
0.00349778
0.00350271
0.00350764
0.00351257
0.00351752
0.00352247
0.00352742
0.00353239
0.00353736
0.00354234
0.00354732
0.00355232
0.00355731
0.00356232
0.00356733
0.00357235
0.00357738
0.00358242
0.00358746
0.00359251
0.00359756
0.00360263
0.0036077
0.00361277
0.00361786
0.00362295
0.00362805
0.00363315
0.00363827
0.00364339
0.00364852
0.00365365
0.00365879
0.00366394
0.0036691
0.00367426
0.00367943
0.00368461
0.0036898
0.00369499
0.00370019
0.0037054
0.00371061
0.00371583
0.00372106
0.0037263
0.00373154
0.0037368
0.00374205
0.00374732
0.00375259
0.00375788
0.00376316
0.00376846
0.00377376
0.00377908
0.00378439
0.00378972
0.00379505
0.00380039
0.00380574
0.0038111
0.00381646
0.00382183
0.00382721
0.0038326
0.00383799
0.00384339
0.0038488
0.00385422
0.00385964
0.00386507
0.00387051
0.00387596
0.00388142
0.00388688
0.00389235
0.00389783
0.00390331
0.00390881
0.00391431
0.00391982
0.00392533
0.00393086
0.00393639
0.00394193
0.00394748
0.00395303
0.0039586
0.00396417
0.00396975
0.00397533
0.00398093
0.00398653
0.00399214
0.00399776
0.00400338
0.00400902
0.00401466
0.00402031
0.00402597
0.00403163
0.00403731
0.00404299
0.00404868
0.00405438
0.00406008
0.0040658
0.00407152
0.00407725
0.00408299
0.00408873
0.00409449
0.00410025
0.00410602
0.0041118
0.00411759
0.00412338
0.00412918
0.004135
0.00414082
0.00414664
0.00415248
0.00415832
0.00416417
0.00417004
0.0041759
0.00418178
0.00418767
0.00419356
0.00419946
0.00420537
0.00421129
0.00421722
0.00422315
0.0042291
0.00423505
0.00424101
0.00424698
0.00425295
0.00425894
0.00426493
0.00427093
0.00427694
0.00428296
0.00428899
0.00429503
0.00430107
0.00430713
0.00431319
0.00431926
0.00432534
0.00433142
0.00433752
0.00434362
0.00434974
0.00435586
0.00436199
0.00436813
0.00437427
0.00438043
0.0043866
0.00439277
0.00439895
0.00440514
0.00441134
0.00441755
0.00442377
0.00442999
0.00443623
0.00444247
0.00444872
0.00445498
0.00446125
0.00446753
0.00447382
0.00448012
0.00448642
0.00449273
0.00449906
0.00450539
0.00451173
0.00451808
0.00452444
0.00453081
0.00453718
0.00454357
0.00454996
0.00455636
0.00456278
0.0045692
0.00457563
0.00458207
0.00458852
0.00459497
0.00460144
0.00460792
0.0046144
0.0046209
0.0046274
0.00463391
0.00464043
0.00464696
0.0046535
0.00466005
0.00466661
0.00467318
0.00467976
0.00468634
0.00469294
0.00469954
0.00470616
0.00471278
0.00471941
0.00472605
0.0047327
0.00473936
0.00474603
0.00475271
0.0047594
0.0047661
0.00477281
0.00477953
0.00478625
0.00479299
0.00479973
0.00480649
0.00481325
0.00482003
0.00482681
0.0048336
0.00484041
0.00484722
0.00485404
0.00486087
0.00486771
0.00487456
0.00488142
0.00488829
0.00489517
0.00490206
0.00490896
0.00491587
0.00492279
0.00492972
0.00493665
0.0049436
0.00495056
0.00495753
0.0049645
0.00497149
0.00497849
0.00498549
0.00499251
0.00499953
0.00500657
0.00501362
0.00502067
0.00502774
0.00503481
0.0050419
0.005049
0.0050561
0.00506322
0.00507034
0.00507748
0.00508462
0.00509178
0.00509895
0.00510612
0.00511331
0.0051205
0.00512771
0.00513493
0.00514215
0.00514939
0.00515664
0.00516389
0.00517116
0.00517844
0.00518573
0.00519303
0.00520033
0.00520765
0.00521498
0.00522232
0.00522967
0.00523703
0.0052444
0.00525178
0.00525917
0.00526657
0.00527399
0.00528141
0.00528884
0.00529628
0.00530374
0.0053112
0.00531868
0.00532616
0.00533366
0.00534116
0.00534868
0.00535621
0.00536375
0.0053713
0.00537885
0.00538642
0.00539401
0.0054016
0.0054092
0.00541681
0.00542443
0.00543207
0.00543971
0.00544737
0.00545504
0.00546271
0.0054704
0.0054781
0.00548581
0.00549353
0.00550126
0.005509
0.00551676
0.00552452
0.00553229
0.00554008
0.00554788
0.00555568
0.0055635
0.00557133
0.00557917
0.00558703
0.00559489
0.00560276
0.00561065
0.00561854
0.00562645
0.00563437
0.0056423
0.00565024
0.00565819
0.00566615
0.00567413
0.00568211
0.00569011
0.00569812
0.00570614
0.00571417
0.00572221
0.00573026
0.00573833
0.0057464
0.00575449
0.00576259
0.0057707
0.00577882
0.00578695
0.0057951
0.00580325
0.00581142
0.0058196
0.00582779
0.00583599
0.00584421
0.00585243
0.00586067
0.00586891
0.00587717
0.00588545
0.00589373
0.00590202
0.00591033
0.00591865
0.00592698
0.00593532
0.00594367
0.00595204
0.00596041
0.0059688
0.0059772
0.00598561
0.00599404
0.00600247
0.00601092
0.00601938
0.00602785
0.00603633
0.00604483
0.00605334
0.00606186
0.00607039
0.00607893
0.00608749
0.00609605
0.00610463
0.00611322
0.00612183
0.00613044
0.00613907
0.00614771
0.00615636
0.00616503
0.0061737
0.00618239
0.00619109
0.0061998
0.00620853
0.00621727
0.00622602
0.00623478
0.00624355
0.00625234
0.00626114
0.00626995
0.00627878
0.00628761
0.00629646
0.00630532
0.0063142
0.00632308
0.00633198
0.00634089
0.00634982
0.00635875
0.0063677
0.00637666
0.00638564
0.00639462
0.00640362
0.00641264
0.00642166
0.0064307
0.00643975
0.00644881
0.00645789
0.00646698
0.00647608
0.00648519
0.00649432
0.00650346
0.00651261
0.00652178
0.00653095
0.00654015
0.00654935
0.00655857
0.0065678
0.00657704
0.0065863
0.00659557
0.00660485
0.00661414
0.00662345
0.00663277
0.00664211
0.00665146
0.00666082
0.00667019
0.00667958
0.00668898
0.00669839
0.00670782
0.00671726
0.00672671
0.00673618
0.00674566
0.00675515
0.00676466
0.00677418
0.00678371
0.00679326
0.00680282
0.0068124
0.00682198
0.00683158
0.0068412
0.00685083
0.00686047
0.00687012
0.00687979
0.00688947
0.00689917
0.00690888
0.0069186
0.00692834
0.00693809
0.00694785
0.00695763
0.00696742
0.00697723
0.00698705
0.00699688
0.00700673
0.00701659
0.00702646
0.00703635
0.00704626
0.00705617
0.0070661
0.00707605
0.00708601
0.00709598
0.00710596
0.00711597
0.00712598
0.00713601
0.00714605
0.00715611
0.00716618
0.00717627
0.00718636
0.00719648
0.00720661
0.00721675
0.0072269
0.00723708
0.00724726
0.00725746
0.00726767
0.0072779
0.00728814
0.0072984
0.00730867
0.00731896
0.00732926
0.00733957
0.0073499
0.00736025
0.00737061
0.00738098
0.00739137
0.00740177
0.00741219
0.00742262
0.00743306
0.00744352
0.007454
0.00746449
0.007475
0.00748552
0.00749605
0.0075066
0.00751716
0.00752774
0.00753834
0.00754895
0.00755957
0.00757021
0.00758086
0.00759153
0.00760222
0.00761291
0.00762363
0.00763436
0.0076451
0.00765586
0.00766664
0.00767743
0.00768823
0.00769905
0.00770989
0.00772074
0.0077316
0.00774248
0.00775338
0.00776429
0.00777522
0.00778616
0.00779712
0.00780809
0.00781908
0.00783008
0.0078411
0.00785214
0.00786319
0.00787426
0.00788534
0.00789644
0.00790755
0.00791868
0.00792982
0.00794098
0.00795216
0.00796335
0.00797456
0.00798578
0.00799702
0.00800827
0.00801954
0.00803083
0.00804213
0.00805345
0.00806478
0.00807613
0.0080875
0.00809888
0.00811028
0.00812169
0.00813312
0.00814457
0.00815603
0.00816751
0.008179
0.00819052
0.00820204
0.00821359
0.00822514
0.00823672
0.00824831
0.00825992
0.00827155
0.00828319
0.00829484
0.00830652
0.00831821
0.00832991
0.00834164
0.00835338
0.00836513
0.00837691
0.00838869
0.0084005
0.00841232
0.00842416
0.00843602
0.00844789
0.00845978
0.00847169
0.00848361
0.00849555
0.0085075
0.00851948
0.00853147
0.00854347
0.0085555
0.00856754
0.00857959
0.00859167
0.00860376
0.00861587
0.00862799
0.00864014
0.0086523
0.00866447
0.00867667
0.00868888
0.00870111
0.00871335
0.00872562
0.0087379
0.00875019
0.00876251
0.00877484
0.00878719
0.00879955
0.00881194
0.00882434
0.00883676
0.0088492
0.00886165
0.00887412
0.00888661
0.00889912
0.00891164
0.00892418
0.00893674
0.00894932
0.00896191
0.00897453
0.00898716
0.0089998
0.00901247
0.00902515
0.00903786
0.00905058
0.00906331
0.00907607
0.00908884
0.00910163
0.00911444
0.00912727
0.00914011
0.00915298
0.00916586
0.00917876
0.00919168
0.00920461
0.00921757
0.00923054
0.00924353
0.00925654
0.00926956
0.00928261
0.00929567
0.00930876
0.00932186
0.00933498
0.00934811
0.00936127
0.00937444
0.00938764
0.00940085
0.00941408
0.00942733
0.0094406
0.00945388
0.00946719
0.00948051
0.00949385
0.00950721
0.00952059
0.00953399
0.00954741
0.00956085
0.0095743
0.00958778
0.00960127
0.00961478
0.00962831
0.00964186
0.00965543
0.00966902
0.00968263
0.00969626
0.0097099
0.00972357
0.00973725
0.00975096
0.00976468
0.00977842
0.00979218
0.00980596
0.00981976
0.00983358
0.00984742
0.00986128
0.00987516
0.00988906
0.00990298
0.00991691
0.00993087
0.00994485
0.00995884
0.00997286
0.00998689
0.0100009
0.010015
0.0100291
0.0100432
0.0100574
0.0100715
0.0100857
0.0100999
0.0101141
0.0101283
0.0101426
0.0101569
0.0101712
0.0101855
0.0101998
0.0102142
0.0102285
0.0102429
0.0102573
0.0102718
0.0102862
0.0103007
0.0103152
0.0103297
0.0103443
0.0103588
0.0103734
0.010388
0.0104026
0.0104173
0.0104319
0.0104466
0.0104613
0.010476
0.0104908
0.0105055
0.0105203
0.0105351
0.01055
0.0105648
0.0105797
0.0105946
0.0106095
0.0106244
0.0106394
0.0106543
0.0106693
0.0106843
0.0106994
0.0107144
0.0107295
0.0107446
0.0107597
0.0107749
0.01079
0.0108052
0.0108204
0.0108357
0.0108509
0.0108662
0.0108815
0.0108968
0.0109121
0.0109275
0.0109429
0.0109583
0.0109737
0.0109891
0.0110046
0.0110201
0.0110356
0.0110511
0.0110667
0.0110822
0.0110978
0.0111135
0.0111291
0.0111448
0.0111604
0.0111762
0.0111919
0.0112076
0.0112234
0.0112392
0.011255
0.0112709
0.0112867
0.0113026
0.0113185
0.0113344
0.0113504
0.0113664
0.0113824
0.0113984
0.0114144
0.0114305
0.0114466
0.0114627
0.0114788
0.011495
0.0115111
0.0115273
0.0115436
0.0115598
0.0115761
0.0115924
0.0116087
0.011625
0.0116414
0.0116578
0.0116742
0.0116906
0.0117071
0.0117235
0.01174
0.0117566
0.0117731
0.0117897
0.0118063
0.0118229
0.0118395
0.0118562
0.0118729
0.0118896
0.0119063
0.0119231
0.0119398
0.0119566
0.0119735
0.0119903
0.0120072
0.0120241
0.012041
0.012058
0.0120749
0.0120919
0.0121089
0.012126
0.0121431
0.0121601
0.0121773
0.0121944
0.0122116
0.0122287
0.012246
0.0122632
0.0122804
0.0122977
0.012315
0.0123324
0.0123497
0.0123671
0.0123845
0.0124019
0.0124194
0.0124369
0.0124544
0.0124719
0.0124895
0.012507
0.0125246
0.0125423
0.0125599
0.0125776
0.0125953
0.012613
0.0126308
0.0126485
0.0126663
0.0126842
0.012702
0.0127199
0.0127378
0.0127557
0.0127737
0.0127917
0.0128097
0.0128277
0.0128457
0.0128638
0.0128819
0.0129
0.0129182
0.0129364
0.0129546
0.0129728
0.0129911
0.0130094
0.0130277
0.013046
0.0130644
0.0130827
0.0131012
0.0131196
0.0131381
0.0131566
0.0131751
0.0131936
0.0132122
0.0132308
0.0132494
0.013268
0.0132867
0.0133054
0.0133241
0.0133429
0.0133617
0.0133805
0.0133993
0.0134182
0.013437
0.013456
0.0134749
0.0134939
0.0135128
0.0135319
0.0135509
0.01357
0.0135891
0.0136082
0.0136274
0.0136465
0.0136657
0.013685
0.0137042
0.0137235
0.0137428
0.0137622
0.0137815
0.0138009
0.0138204
0.0138398
0.0138593
0.0138788
0.0138983
0.0139179
0.0139375
0.0139571
0.0139767
0.0139964
0.0140161
0.0140358
0.0140556
0.0140754
0.0140952
0.014115
0.0141349
0.0141548
0.0141747
0.0141946
0.0142146
0.0142346
0.0142546
0.0142747
0.0142948
0.0143149
0.0143351
0.0143552
0.0143754
0.0143957
0.0144159
0.0144362
0.0144565
0.0144769
0.0144972
0.0145176
0.0145381
0.0145585
0.014579
0.0145995
0.0146201
0.0146407
0.0146613
0.0146819
0.0147026
0.0147233
0.014744
0.0147647
0.0147855
0.0148063
0.0148272
0.014848
0.0148689
0.0148898
0.0149108
0.0149318
0.0149528
0.0149738
0.0149949
0.015016
0.0150372
0.0150583
0.0150795
0.0151007
0.015122
0.0151433
0.0151646
0.0151859
0.0152073
0.0152287
0.0152501
0.0152716
0.0152931
0.0153146
0.0153362
0.0153577
0.0153793
0.015401
0.0154227
0.0154444
0.0154661
0.0154879
0.0155097
0.0155315
0.0155534
0.0155752
0.0155972
0.0156191
0.0156411
0.0156631
0.0156852
0.0157072
0.0157293
0.0157515
0.0157736
0.0157958
0.0158181
0.0158403
0.0158626
0.0158849
0.0159073
0.0159297
0.0159521
0.0159746
0.015997
0.0160196
0.0160421
0.0160647
0.0160873
0.0161099
0.0161326
0.0161553
0.016178
0.0162008
0.0162236
0.0162464
0.0162693
0.0162922
0.0163151
0.0163381
0.0163611
0.0163841
0.0164072
0.0164303
0.0164534
0.0164765
0.0164997
0.0165229
0.0165462
0.0165695
0.0165928
0.0166162
0.0166395
0.016663
0.0166864
0.0167099
0.0167334
0.016757
0.0167805
0.0168042
0.0168278
0.0168515
0.0168752
0.016899
0.0169227
0.0169466
0.0169704
0.0169943
0.0170182
0.0170422
0.0170661
0.0170902
0.0171142
0.0171383
0.0171624
0.0171866
0.0172108
0.017235
0.0172592
0.0172835
0.0173078
0.0173322
0.0173566
0.017381
0.0174055
0.01743
0.0174545
0.0174791
0.0175037
0.0175283
0.017553
0.0175777
0.0176024
0.0176272
0.017652
0.0176768
0.0177017
0.0177266
0.0177516
0.0177766
0.0178016
0.0178266
0.0178517
0.0178768
0.017902
0.0179272
0.0179524
0.0179777
0.018003
0.0180283
0.0180537
0.0180791
0.0181046
0.01813
0.0181555
0.0181811
0.0182067
0.0182323
0.018258
0.0182837
0.0183094
0.0183352
0.018361
0.0183868
0.0184127
0.0184386
0.0184645
0.0184905
0.0185166
0.0185426
0.0185687
0.0185948
0.018621
0.0186472
0.0186735
0.0186997
0.0187261
0.0187524
0.0187788
0.0188052
0.0188317
0.0188582
0.0188847
0.0189113
0.0189379
0.0189646
0.0189913
0.019018
0.0190448
0.0190716
0.0190984
0.0191253
0.0191522
0.0191792
0.0192061
0.0192332
0.0192602
0.0192874
0.0193145
0.0193417
0.0193689
0.0193962
0.0194235
0.0194508
0.0194782
0.0195056
0.019533
0.0195605
0.019588
0.0196156
0.0196432
0.0196709
0.0196985
0.0197263
0.019754
0.0197818
0.0198097
0.0198376
0.0198655
0.0198934
0.0199214
0.0199495
0.0199775
0.0200057
0.0200338
0.020062
0.0200902
0.0201185
0.0201468
0.0201752
0.0202036
0.020232
0.0202605
0.020289
0.0203175
0.0203461
0.0203748
0.0204034
0.0204322
0.0204609
0.0204897
0.0205185
0.0205474
0.0205763
0.0206053
0.0206343
0.0206633
0.0206924
0.0207215
0.0207507
0.0207799
0.0208092
0.0208384
0.0208678
0.0208971
0.0209265
0.020956
0.0209855
0.021015
0.0210446
0.0210742
0.0211039
0.0211336
0.0211633
0.0211931
0.0212229
0.0212528
0.0212827
0.0213127
0.0213426
0.0213727
0.0214028
0.0214329
0.021463
0.0214933
0.0215235
0.0215538
0.0215841
0.0216145
0.0216449
0.0216754
0.0217059
0.0217364
0.021767
0.0217977
0.0218283
0.0218591
0.0218898
0.0219206
0.0219515
0.0219824
0.0220133
0.0220443
0.0220753
0.0221064
0.0221375
0.0221686
0.0221998
0.0222311
0.0222624
0.0222937
0.0223251
0.0223565
0.022388
0.0224195
0.022451
0.0224826
0.0225143
0.0225459
0.0225777
0.0226095
0.0226413
0.0226731
0.022705
0.022737
0.022769
0.022801
0.0228331
0.0228653
0.0228974
0.0229297
0.0229619
0.0229943
0.0230266
0.023059
0.0230915
0.023124
0.0231565
0.0231891
0.0232217
0.0232544
0.0232871
0.0233199
0.0233527
0.0233856
0.0234185
0.0234515
0.0234845
0.0235175
0.0235506
0.0235838
0.023617
0.0236502
0.0236835
0.0237168
0.0237502
0.0237836
0.0238171
0.0238506
0.0238842
0.0239178
0.0239514
0.0239852
0.0240189
0.0240527
0.0240866
0.0241205
0.0241544
0.0241884
0.0242224
0.0242565
0.0242907
0.0243249
0.0243591
0.0243934
0.0244277
0.0244621
0.0244965
0.024531
0.0245655
0.0246001
0.0246347
0.0246694
0.0247041
0.0247389
0.0247737
0.0248085
0.0248435
0.0248784
0.0249134
0.0249485
0.0249836
0.0250188
0.025054
0.0250892
0.0251245
0.0251599
0.0251953
0.0252308
0.0252663
0.0253018
0.0253374
0.0253731
0.0254088
0.0254446
0.0254804
0.0255162
0.0255521
0.0255881
0.0256241
0.0256602
0.0256963
0.0257325
0.0257687
0.0258049
0.0258413
0.0258776
0.025914
0.0259505
0.025987
0.0260236
0.0260602
0.0260969
0.0261336
0.0261704
0.0262072
0.0262441
0.0262811
0.026318
0.0263551
0.0263922
0.0264293
0.0264665
0.0265038
0.0265411
0.0265784
0.0266158
0.0266533
0.0266908
0.0267284
0.026766
0.0268036
0.0268414
0.0268791
0.026917
0.0269548
0.0269928
0.0270308
0.0270688
0.0271069
0.0271451
0.0271833
0.0272215
0.0272598
0.0272982
0.0273366
0.0273751
0.0274136
0.0274522
0.0274908
0.0275295
0.0275682
0.027607
0.0276459
0.0276848
0.0277238
0.0277628
0.0278019
0.027841
0.0278802
0.0279194
0.0279587
0.027998
0.0280374
0.0280769
0.0281164
0.028156
0.0281956
0.0282353
0.028275
0.0283148
0.0283547
0.0283946
0.0284345
0.0284746
0.0285146
0.0285548
0.0285949
0.0286352
0.0286755
0.0287158
0.0287563
0.0287967
0.0288373
0.0288778
0.0289185
0.0289592
0.0289999
0.0290407
0.0290816
0.0291225
0.0291635
0.0292046
0.0292457
0.0292868
0.0293281
0.0293693
0.0294107
0.0294521
0.0294935
0.029535
0.0295766
0.0296182
0.0296599
0.0297016
0.0297434
0.0297853
0.0298272
0.0298692
0.0299112
0.0299533
0.0299955
0.0300377
0.03008
0.0301223
0.0301647
0.0302071
0.0302496
0.0302922
0.0303348
0.0303775
0.0304203
0.0304631
0.030506
0.0305489
0.0305919
0.030635
0.0306781
0.0307212
0.0307645
0.0308078
0.0308511
0.0308946
0.030938
0.0309816
0.0310252
0.0310688
0.0311126
0.0311563
0.0312002
0.0312441
0.0312881
0.0313321
0.0313762
0.0314204
0.0314646
0.0315089
0.0315532
0.0315976
0.0316421
0.0316866
0.0317312
0.0317759
0.0318206
0.0318654
0.0319102
0.0319551
0.0320001
0.0320451
0.0320902
0.0321354
0.0321806
0.0322259
0.0322713
0.0323167
0.0323622
0.0324077
0.0324533
0.032499
0.0325447
0.0325905
0.0326364
0.0326823
0.0327283
0.0327744
0.0328205
0.0328667
0.0329129
0.0329593
0.0330056
0.0330521
0.0330986
0.0331452
0.0331918
0.0332386
0.0332853
0.0333322
0.0333791
0.0334261
0.0334731
0.0335202
0.0335674
0.0336146
0.0336619
0.0337093
0.0337568
0.0338043
0.0338518
0.0338995
0.0339472
0.033995
0.0340428
0.0340907
0.0341387
0.0341867
0.0342348
0.034283
0.0343313
0.0343796
0.034428
0.0344764
0.0345249
0.0345735
0.0346222
0.0346709
0.0347197
0.0347686
0.0348175
0.0348665
0.0349156
0.0349647
0.0350139
0.0350632
0.0351125
0.035162
0.0352114
0.035261
0.0353106
0.0353603
0.0354101
0.0354599
0.0355098
0.0355598
0.0356098
0.03566
0.0357101
0.0357604
0.0358107
0.0358611
0.0359116
0.0359621
0.0360127
0.0360634
0.0361142
0.036165
0.0362159
0.0362669
0.0363179
0.036369
0.0364202
0.0364715
0.0365228
0.0365742
0.0366257
0.0366772
0.0367288
0.0367805
0.0368323
0.0368841
0.036936
0.036988
0.0370401
0.0370922
0.0371444
0.0371967
0.037249
0.0373014
0.0373539
0.0374065
0.0374591
0.0375119
0.0375647
0.0376175
0.0376705
0.0377235
0.0377766
0.0378297
0.037883
0.0379363
0.0379897
0.0380431
0.0380967
0.0381503
0.038204
0.0382578
0.0383116
0.0383655
0.0384195
0.0384736
0.0385277
0.0385819
0.0386362
0.0386906
0.0387451
0.0387996
0.0388542
0.0389089
0.0389636
0.0390185
0.0390734
0.0391284
0.0391835
0.0392386
0.0392938
0.0393491
0.0394045
0.03946
0.0395155
0.0395711
0.0396268
0.0396826
0.0397384
0.0397943
0.0398503
0.0399064
0.0399626
0.0400188
0.0400751
0.0401315
0.040188
0.0402446
0.0403012
0.0403579
0.0404147
0.0404716
0.0405286
0.0405856
0.0406427
0.0406999
0.0407572
0.0408146
0.040872
0.0409295
0.0409871
0.0410448
0.0411026
0.0411604
0.0412183
0.0412764
0.0413344
0.0413926
0.0414509
0.0415092
0.0415676
0.0416261
0.0416847
0.0417434
0.0418021
0.0418609
0.0419199
0.0419789
0.0420379
0.0420971
0.0421563
0.0422157
0.0422751
0.0423346
0.0423942
0.0424538
0.0425136
0.0425734
0.0426333
0.0426933
0.0427534
0.0428136
0.0428738
0.0429342
0.0429946
0.0430551
0.0431157
0.0431764
0.0432371
0.043298
0.0433589
0.0434199
0.043481
0.0435422
0.0436035
0.0436649
0.0437263
0.0437879
0.0438495
0.0439112
0.043973
0.0440349
0.0440969
0.0441589
0.0442211
0.0442833
0.0443456
0.044408
0.0444705
0.0445331
0.0445958
0.0446586
0.0447214
0.0447843
0.0448474
0.0449105
0.0449737
0.045037
0.0451004
0.0451638
0.0452274
0.0452911
0.0453548
0.0454186
0.0454825
0.0455466
0.0456107
0.0456748
0.0457391
0.0458035
0.045868
0.0459325
0.0459971
0.0460619
0.0461267
0.0461916
0.0462566
0.0463217
0.0463869
0.0464522
0.0465176
0.046583
0.0466486
0.0467143
0.04678
0.0468458
0.0469118
0.0469778
0.0470439
0.0471101
0.0471764
0.0472428
0.0473093
0.0473759
0.0474425
0.0475093
0.0475762
0.0476431
0.0477102
0.0477773
0.0478446
0.0479119
0.0479793
0.0480468
0.0481145
0.0481822
0.04825
0.0483179
0.0483859
0.048454
0.0485222
0.0485905
0.0486589
0.0487273
0.0487959
0.0488646
0.0489334
0.0490022
0.0490712
0.0491402
0.0492094
0.0492787
0.049348
0.0494175
0.049487
0.0495566
0.0496264
0.0496962
0.0497662
0.0498362
0.0499063
0.0499766
0.0500469
0.0501174
0.0501879
0.0502585
0.0503292
0.0504001
0.050471
0.050542
0.0506132
0.0506844
0.0507557
0.0508272
0.0508987
0.0509703
0.0510421
0.0511139
0.0511858
0.0512579
0.05133
0.0514022
0.0514746
0.051547
0.0516196
0.0516922
0.051765
0.0518378
0.0519108
0.0519838
0.052057
0.0521302
0.0522036
0.0522771
0.0523507
0.0524243
0.0524981
0.052572
0.052646
0.0527201
0.0527943
0.0528686
0.052943
0.0530175
0.0530921
0.0531668
0.0532416
0.0533166
0.0533916
0.0534667
0.053542
0.0536173
0.0536928
0.0537684
0.053844
0.0539198
0.0539957
0.0540717
0.0541478
0.054224
0.0543003
0.0543767
0.0544532
0.0545299
0.0546066
0.0546835
0.0547604
0.0548375
0.0549147
0.054992
0.0550694
0.0551469
0.0552245
0.0553022
0.05538
0.055458
0.055536
0.0556142
0.0556924
0.0557708
0.0558493
0.0559279
0.0560066
0.0560854
0.0561644
0.0562434
0.0563226
0.0564018
0.0564812
0.0565607
0.0566403
0.05672
0.0567998
0.0568798
0.0569598
0.05704
0.0571203
0.0572006
0.0572811
0.0573618
0.0574425
0.0575233
0.0576043
0.0576853
0.0577665
0.0578478
0.0579292
0.0580108
0.0580924
0.0581742
0.058256
0.058338
0.0584201
0.0585023
0.0585847
0.0586671
0.0587497
0.0588324
0.0589152
0.0589981
0.0590811
0.0591643
0.0592475
0.0593309
0.0594144
0.059498
0.0595818
0.0596656
0.0597496
0.0598337
0.0599179
0.0600022
0.0600866
0.0601712
0.0602559
0.0603407
0.0604256
0.0605107
0.0605958
0.0606811
0.0607665
0.060852
0.0609377
0.0610234
0.0611093
0.0611953
0.0612814
0.0613677
0.061454
0.0615405
0.0616271
0.0617139
0.0618007
0.0618877
0.0619748
0.062062
0.0621493
0.0622368
0.0623244
0.0624121
0.0624999
0.0625879
0.062676
0.0627642
0.0628525
0.062941
0.0630296
0.0631183
0.0632071
0.0632961
0.0633851
0.0634743
0.0635637
0.0636531
0.0637427
0.0638324
0.0639222
0.0640122
0.0641023
0.0641925
0.0642829
0.0643733
0.0644639
0.0645546
0.0646455
0.0647365
0.0648276
0.0649188
0.0650102
0.0651017
0.0651933
0.065285
0.0653769
0.0654689
0.0655611
0.0656533
0.0657457
0.0658383
0.0659309
0.0660237
0.0661166
0.0662097
0.0663028
0.0663962
0.0664896
0.0665832
0.0666769
0.0667707
0.0668647
0.0669588
0.067053
0.0671474
0.0672419
0.0673365
0.0674313
0.0675262
0.0676212
0.0677164
0.0678117
0.0679071
0.0680027
0.0680984
0.0681942
0.0682902
0.0683863
0.0684826
0.0685789
0.0686754
0.0687721
0.0688689
0.0689658
0.0690629
0.0691601
0.0692574
0.0693549
0.0694525
0.0695502
0.0696481
0.0697461
0.0698443
0.0699426
0.070041
0.0701396
0.0702383
0.0703371
0.0704361
0.0705352
0.0706345
0.0707339
0.0708335
0.0709332
0.071033
0.071133
0.0712331
0.0713333
0.0714337
0.0715342
0.0716349
0.0717357
0.0718367
0.0719378
0.072039
0.0721404
0.0722419
0.0723436
0.0724454
0.0725474
0.0726495
0.0727517
0.0728541
0.0729566
0.0730593
0.0731621
0.0732651
0.0733682
0.0734715
0.0735749
0.0736784
0.0737821
0.0738859
0.0739899
0.074094
0.0741983
0.0743027
0.0744073
0.074512
0.0746169
0.0747219
0.0748271
0.0749324
0.0750378
0.0751434
0.0752492
0.0753551
0.0754611
0.0755673
0.0756737
0.0757802
0.0758868
0.0759936
0.0761006
0.0762077
0.0763149
0.0764223
0.0765299
0.0766376
0.0767455
0.0768535
0.0769616
0.0770699
0.0771784
0.077287
0.0773958
0.0775047
0.0776138
0.077723
0.0778324
0.0779419
0.0780516
0.0781615
0.0782715
0.0783816
0.0784919
0.0786024
0.078713
0.0788238
0.0789347
0.0790458
0.0791571
0.0792685
0.07938
0.0794917
0.0796036
0.0797156
0.0798278
0.0799402
0.0800527
0.0801653
0.0802782
0.0803911
0.0805043
0.0806176
0.080731
0.0808446
0.0809584
0.0810724
0.0811865
0.0813007
0.0814151
0.0815297
0.0816445
0.0817594
0.0818744
0.0819896
0.082105
0.0822206
0.0823363
0.0824522
0.0825682
0.0826844
0.0828008
0.0829173
0.083034
0.0831509
0.0832679
0.0833851
0.0835024
0.0836199
0.0837376
0.0838555
0.0839735
0.0840917
0.08421
0.0843285
0.0844472
0.0845661
0.0846851
0.0848042
0.0849236
0.0850431
0.0851628
0.0852827
0.0854027
0.0855229
0.0856432
0.0857638
0.0858845
0.0860053
0.0861264
0.0862476
0.086369
0.0864905
0.0866122
0.0867341
0.0868562
0.0869784
0.0871008
0.0872234
0.0873462
0.0874691
0.0875922
0.0877155
0.0878389
0.0879625
0.0880863
0.0882103
0.0883344
0.0884588
0.0885832
0.0887079
0.0888328
0.0889578
0.089083
0.0892083
0.0893339
0.0894596
0.0895855
0.0897116
0.0898378
0.0899643
0.0900909
0.0902177
0.0903446
0.0904718
0.0905991
0.0907266
0.0908543
0.0909822
0.0911102
0.0912384
0.0913668
0.0914954
0.0916242
0.0917531
0.0918823
0.0920116
0.0921411
0.0922707
0.0924006
0.0925306
0.0926609
0.0927913
0.0929219
0.0930526
0.0931836
0.0933147
0.0934461
0.0935776
0.0937093
0.0938412
0.0939732
0.0941055
0.0942379
0.0943705
0.0945033
0.0946363
0.0947695
0.0949029
0.0950365
0.0951702
0.0953042
0.0954383
0.0955726
0.0957071
0.0958418
0.0959767
0.0961118
0.096247
0.0963825
0.0965181
0.0966539
0.09679
0.0969262
0.0970626
0.0971992
0.097336
0.097473
0.0976102
0.0977475
0.0978851
0.0980228
0.0981608
0.0982989
0.0984373
0.0985758
0.0987146
0.0988535
0.0989926
0.0991319
0.0992714
0.0994111
0.099551
0.0996912
0.0998315
0.0999719
0.100113
0.100254
0.100395
0.100536
0.100677
0.100819
0.100961
0.101103
0.101245
0.101388
0.101531
0.101673
0.101817
0.10196
0.102103
0.102247
0.102391
0.102535
0.102679
0.102824
0.102969
0.103113
0.103259
0.103404
0.103549
0.103695
0.103841
0.103987
0.104134
0.10428
0.104427
0.104574
0.104721
0.104868
0.105016
0.105164
0.105312
0.10546
0.105608
0.105757
0.105906
0.106055
0.106204
0.106354
0.106503
0.106653
0.106803
0.106954
0.107104
0.107255
0.107406
0.107557
0.107708
0.10786
0.108012
0.108164
0.108316
0.108468
0.108621
0.108774
0.108927
0.10908
0.109234
0.109387
0.109541
0.109696
0.10985
0.110005
0.110159
0.110314
0.11047
0.110625
0.110781
0.110937
0.111093
0.111249
0.111406
0.111563
0.11172
0.111877
0.112034
0.112192
0.11235
0.112508
0.112666
0.112825
0.112984
0.113143
0.113302
0.113461
0.113621
0.113781
0.113941
0.114101
0.114262
0.114423
0.114584
0.114745
0.114907
0.115068
0.11523
0.115392
0.115555
0.115717
0.11588
0.116043
0.116207
0.11637
0.116534
0.116698
0.116862
0.117027
0.117191
0.117356
0.117521
0.117687
0.117852
0.118018
0.118184
0.118351
0.118517
0.118684
0.118851
0.119018
0.119186
0.119354
0.119522
0.11969
0.119858
0.120027
0.120196
0.120365
0.120534
0.120704
0.120874
0.121044
0.121214
0.121385
0.121556
0.121727
0.121898
0.12207
0.122242
0.122414
0.122586
0.122758
0.122931
0.123104
0.123277
0.123451
0.123625
0.123799
0.123973
0.124147
0.124322
0.124497
0.124672
0.124848
0.125023
0.125199
0.125376
0.125552
0.125729
0.125906
0.126083
0.12626
0.126438
0.126616
0.126794
0.126973
0.127151
0.12733
0.127509
0.127689
0.127869
0.128048
0.128229
0.128409
0.12859
0.128771
0.128952
0.129134
0.129315
0.129497
0.12968
0.129862
0.130045
0.130228
0.130411
0.130595
0.130778
0.130962
0.131147
0.131331
0.131516
0.131701
0.131887
0.132072
0.132258
0.132444
0.132631
0.132817
0.133004
0.133191
0.133379
0.133567
0.133754
0.133943
0.134131
0.13432
0.134509
0.134698
0.134888
0.135078
0.135268
0.135458
0.135649
0.13584
0.136031
0.136222
0.136414
0.136606
0.136798
0.136991
0.137184
0.137377
0.13757
0.137764
0.137958
0.138152
0.138346
0.138541
0.138736
0.138931
0.139127
0.139322
0.139518
0.139715
0.139911
0.140108
0.140305
0.140503
0.140701
0.140899
0.141097
0.141296
0.141494
0.141694
0.141893
0.142093
0.142293
0.142493
0.142693
0.142894
0.143095
0.143297
0.143498
0.1437
0.143903
0.144105
0.144308
0.144511
0.144714
0.144918
0.145122
0.145326
0.145531
0.145736
0.145941
0.146146
0.146352
0.146558
0.146764
0.146971
0.147177
0.147384
0.147592
0.1478
0.148008
0.148216
0.148425
0.148633
0.148843
0.149052
0.149262
0.149472
0.149682
0.149893
0.150104
0.150315
0.150527
0.150738
0.150951
0.151163
0.151376
0.151589
0.151802
0.152016
0.15223
0.152444
0.152659
0.152873
0.153089
0.153304
0.15352
0.153736
0.153952
0.154169
0.154386
0.154603
0.154821
0.155039
0.155257
0.155475
0.155694
0.155913
0.156133
0.156352
0.156572
0.156793
0.157013
0.157234
0.157456
0.157677
0.157899
0.158121
0.158344
0.158567
0.15879
0.159013
0.159237
0.159461
0.159686
0.15991
0.160135
0.160361
0.160586
0.160812
0.161039
0.161265
0.161492
0.16172
0.161947
0.162175
0.162403
0.162632
0.162861
0.16309
0.16332
0.163549
0.16378
0.16401
0.164241
0.164472
0.164704
0.164935
0.165167
0.1654
0.165633
0.165866
0.166099
0.166333
0.166567
0.166801
0.167036
0.167271
0.167507
0.167742
0.167979
0.168215
0.168452
0.168689
0.168926
0.169164
0.169402
0.16964
0.169879
0.170118
0.170358
0.170597
0.170837
0.171078
0.171319
0.17156
0.171801
0.172043
0.172285
0.172528
0.17277
0.173014
0.173257
0.173501
0.173745
0.17399
0.174234
0.17448
0.174725
0.174971
0.175217
0.175464
0.175711
0.175958
0.176206
0.176454
0.176702
0.176951
0.1772
0.177449
0.177699
0.177949
0.178199
0.17845
0.178701
0.178953
0.179205
0.179457
0.179709
0.179962
0.180216
0.180469
0.180723
0.180978
0.181232
0.181487
0.181743
0.181999
0.182255
0.182511
0.182768
0.183025
0.183283
0.183541
0.183799
0.184058
0.184317
0.184576
0.184836
0.185096
0.185357
0.185617
0.185879
0.18614
0.186402
0.186665
0.186927
0.18719
0.187454
0.187718
0.187982
0.188246
0.188511
0.188777
0.189042
0.189308
0.189575
0.189841
0.190109
0.190376
0.190644
0.190912
0.191181
0.19145
0.19172
0.191989
0.19226
0.19253
0.192801
0.193072
0.193344
0.193616
0.193889
0.194162
0.194435
0.194709
0.194983
0.195257
0.195532
0.195807
0.196083
0.196358
0.196635
0.196912
0.197189
0.197466
0.197744
0.198022
0.198301
0.19858
0.19886
0.19914
0.19942
0.1997
0.199981
0.200263
0.200545
0.200827
0.20111
0.201393
0.201676
0.20196
0.202244
0.202529
0.202814
0.203099
0.203385
0.203671
0.203958
0.204245
0.204532
0.20482
0.205109
0.205397
0.205686
0.205976
0.206266
0.206556
0.206847
0.207138
0.207429
0.207721
0.208013
0.208306
0.208599
0.208893
0.209187
0.209481
0.209776
0.210071
0.210367
0.210663
0.21096
0.211256
0.211554
0.211851
0.21215
0.212448
0.212747
0.213047
0.213346
0.213647
0.213947
0.214248
0.21455
0.214852
0.215154
0.215457
0.21576
0.216064
0.216368
0.216673
0.216977
0.217283
0.217589
0.217895
0.218201
0.218509
0.218816
0.219124
0.219432
0.219741
0.220051
0.22036
0.22067
0.220981
0.221292
0.221603
0.221915
0.222227
0.22254
0.222853
0.223167
0.223481
0.223796
0.224111
0.224426
0.224742
0.225058
0.225375
0.225692
0.22601
0.226328
0.226646
0.226965
0.227285
0.227605
0.227925
0.228246
0.228567
0.228889
0.229211
0.229533
0.229856
0.23018
0.230504
0.230828
0.231153
0.231478
0.231804
0.23213
0.232457
0.232784
0.233112
0.23344
0.233768
0.234097
0.234427
0.234757
0.235087
0.235418
0.235749
0.236081
0.236413
0.236746
0.237079
0.237413
0.237747
0.238082
0.238417
0.238752
0.239088
0.239425
0.239762
0.240099
0.240437
0.240775
0.241114
0.241453
0.241793
0.242134
0.242474
0.242816
0.243157
0.2435
0.243842
0.244185
0.244529
0.244873
0.245218
0.245563
0.245908
0.246255
0.246601
0.246948
0.247296
0.247644
0.247992
0.248341
0.248691
0.249041
0.249391
0.249742
0.250094
0.250446
0.250798
0.251151
0.251505
0.251859
0.252213
0.252568
0.252923
0.253279
0.253636
0.253993
0.25435
0.254708
0.255067
0.255426
0.255785
0.256145
0.256506
0.256867
0.257228
0.25759
0.257953
0.258316
0.258679
0.259043
0.259408
0.259773
0.260138
0.260505
0.260871
0.261238
0.261606
0.261974
0.262343
0.262712
0.263082
0.263452
0.263823
0.264194
0.264566
0.264938
0.265311
0.265684
0.266058
0.266433
0.266808
0.267183
0.267559
0.267936
0.268313
0.26869
0.269069
0.269447
0.269826
0.270206
0.270587
0.270967
0.271349
0.271731
0.272113
0.272496
0.272879
0.273263
0.273648
0.274033
0.274419
0.274805
0.275192
0.275579
0.275967
0.276355
0.276744
0.277134
0.277524
0.277914
0.278305
0.278697
0.279089
0.279482
0.279875
0.280269
0.280664
0.281059
0.281454
0.28185
0.282247
0.282644
0.283042
0.28344
0.283839
0.284239
0.284639
0.285039
0.28544
0.285842
0.286244
0.286647
0.287051
0.287455
0.287859
0.288264
0.28867
0.289076
0.289483
0.289891
0.290299
0.290707
0.291116
0.291526
0.291936
0.292347
0.292758
0.29317
0.293583
0.293996
0.29441
0.294824
0.295239
0.295655
0.296071
0.296488
0.296905
0.297323
0.297741
0.29816
0.29858
0.299
0.299421
0.299842
0.300264
0.300687
0.30111
0.301534
0.301958
0.302383
0.302809
0.303235
0.303661
0.304089
0.304517
0.304945
0.305374
0.305804
0.306235
0.306666
0.307097
0.307529
0.307962
0.308396
0.30883
0.309264
0.309699
0.310135
0.310572
0.311009
0.311447
0.311885
0.312324
0.312763
0.313204
0.313644
0.314086
0.314528
0.31497
0.315414
0.315858
0.316302
0.316747
0.317193
0.317639
0.318086
0.318534
0.318982
0.319431
0.319881
0.320331
0.320782
0.321233
0.321685
0.322138
0.322591
0.323045
0.3235
0.323955
0.324411
0.324868
0.325325
0.325783
0.326241
0.326701
0.32716
0.327621
0.328082
0.328544
0.329006
0.329469
0.329933
0.330397
0.330862
0.331328
0.331794
0.332261
0.332728
0.333197
0.333666
0.334135
0.334605
0.335076
0.335548
0.33602
0.336493
0.336967
0.337441
0.337916
0.338391
0.338868
0.339344
0.339822
0.3403
0.340779
0.341259
0.341739
0.34222
0.342702
0.343184
0.343667
0.344151
0.344635
0.34512
0.345606
0.346092
0.346579
0.347067
0.347555
0.348044
0.348534
0.349025
0.349516
0.350008
0.3505
0.350994
0.351488
0.351982
0.352478
0.352974
0.353471
0.353968
0.354466
0.354965
0.355465
0.355965
0.356466
0.356967
0.35747
0.357973
0.358477
0.358981
0.359486
0.359992
0.360499
0.361006
0.361514
0.362023
0.362533
0.363043
0.363554
0.364065
0.364578
0.365091
0.365605
0.366119
0.366634
0.36715
0.367667
0.368185
0.368703
0.369222
0.369741
0.370262
0.370783
0.371305
0.371827
0.37235
0.372874
0.373399
0.373925
0.374451
0.374978
0.375506
0.376034
0.376563
0.377093
0.377624
0.378155
0.378688
0.379221
0.379754
0.380289
0.380824
0.38136
0.381897
0.382434
0.382972
0.383511
0.384051
0.384591
0.385133
0.385675
0.386218
0.386761
0.387305
0.38785
0.388396
0.388943
0.38949
0.390038
0.390587
0.391137
0.391687
0.392239
0.392791
0.393344
0.393897
0.394451
0.395007
0.395563
0.396119
0.396677
0.397235
0.397794
0.398354
0.398914
0.399476
0.400038
0.400601
0.401165
0.401729
0.402295
0.402861
0.403428
0.403996
0.404564
0.405134
0.405704
0.406275
0.406847
0.407419
0.407992
0.408567
0.409142
0.409717
0.410294
0.410872
0.41145
0.412029
0.412609
0.413189
0.413771
0.414353
0.414936
0.41552
0.416105
0.416691
0.417277
0.417864
0.418452
0.419041
0.419631
0.420222
0.420813
0.421405
0.421998
0.422592
0.423187
0.423783
0.424379
0.424976
0.425574
0.426173
0.426773
0.427374
0.427975
0.428577
0.429181
0.429785
0.430389
0.430995
0.431602
0.432209
0.432817
0.433426
0.434036
0.434647
0.435259
0.435872
0.436485
0.437099
0.437714
0.43833
0.438947
0.439565
0.440184
0.440803
0.441424
0.442045
0.442667
0.44329
0.443914
0.444538
0.445164
0.445791
0.446418
0.447046
0.447675
0.448305
0.448936
0.449568
0.450201
0.450834
0.451469
0.452104
0.452741
0.453378
0.454016
0.454655
0.455295
0.455935
0.456577
0.45722
0.457863
0.458507
0.459153
0.459799
0.460446
0.461094
0.461743
0.462393
0.463044
0.463695
0.464348
0.465001
0.465656
0.466311
0.466967
0.467624
0.468283
0.468942
0.469602
0.470262
0.470924
0.471587
0.472251
0.472915
0.473581
0.474247
0.474915
0.475583
0.476253
0.476923
0.477594
0.478266
0.478939
0.479613
0.480288
0.480964
0.481641
0.482319
0.482998
0.483677
0.484358
0.48504
0.485722
0.486406
0.487091
0.487776
0.488462
0.48915
0.489838
0.490528
0.491218
0.491909
0.492602
0.493295
0.493989
0.494684
0.495381
0.496078
0.496776
0.497475
0.498175
0.498876
0.499578
0.500281
0.500985
0.501691
0.502397
0.503104
0.503812
0.504521
0.505231
0.505942
0.506654
0.507367
0.508081
0.508796
0.509512
0.510229
0.510947
0.511666
0.512386
0.513107
0.51383
0.514553
0.515277
0.516002
0.516728
0.517455
0.518184
0.518913
0.519643
0.520375
0.521107
0.52184
0.522575
0.52331
0.524047
0.524784
0.525523
0.526262
0.527003
0.527745
0.528487
0.529231
0.529976
0.530722
0.531469
0.532217
0.532966
0.533716
0.534467
0.535219
0.535972
0.536727
0.537482
0.538238
0.538996
0.539754
0.540514
0.541275
0.542036
0.542799
0.543563
0.544328
0.545094
0.545861
0.54663
0.547399
0.548169
0.548941
0.549713
0.550487
0.551262
0.552037
0.552814
0.553592
0.554371
0.555152
0.555933
0.556715
0.557499
0.558283
0.559069
0.559856
0.560644
0.561433
0.562223
0.563014
0.563807
0.5646
0.565395
0.56619
0.566987
0.567785
0.568584
0.569384
0.570186
0.570988
0.571792
0.572596
0.573402
0.574209
0.575017
0.575827
0.576637
0.577449
0.578261
0.579075
0.57989
0.580706
0.581523
0.582342
0.583161
0.583982
0.584804
0.585627
0.586451
0.587276
0.588103
0.588931
0.589759
0.590589
0.591421
0.592253
0.593086
0.593921
0.594757
0.595594
0.596432
0.597272
0.598112
0.598954
0.599797
0.600641
0.601486
0.602333
0.603181
0.604029
0.604879
0.605731
0.606583
0.607437
0.608292
0.609148
0.610005
0.610864
0.611723
0.612584
0.613446
0.61431
0.615174
0.61604
0.616907
0.617775
0.618645
0.619515
0.620387
0.62126
0.622135
0.62301
0.623887
0.624765
0.625644
0.626525
0.627406
0.628289
0.629174
0.630059
0.630946
0.631834
0.632723
0.633613
0.634505
0.635398
0.636292
0.637188
0.638085
0.638983
0.639882
0.640782
0.641684
0.642587
0.643492
0.644397
0.645304
0.646212
0.647122
0.648033
0.648945
0.649858
0.650772
0.651688
0.652605
0.653524
0.654444
0.655365
0.656287
0.657211
0.658135
0.659062
0.659989
0.660918
0.661848
0.66278
0.663712
0.664647
0.665582
0.666519
0.667457
0.668396
0.669337
0.670279
0.671222
0.672167
0.673113
0.67406
0.675008
0.675958
0.67691
0.677862
0.678816
0.679772
0.680728
0.681686
0.682646
0.683607
0.684569
0.685532
0.686497
0.687463
0.68843
0.689399
0.69037
0.691341
0.692314
0.693288
0.694264
0.695241
0.69622
0.697199
0.698181
0.699163
0.700147
0.701133
0.702119
0.703107
0.704097
0.705088
0.70608
0.707074
0.708069
0.709065
0.710063
0.711063
0.712063
0.713065
0.714069
0.715074
0.71608
0.717088
0.718097
0.719108
0.72012
0.721133
0.722148
0.723165
0.724182
0.725202
0.726222
0.727244
0.728268
0.729293
0.730319
0.731347
0.732376
0.733407
0.734439
0.735473
0.736508
0.737544
0.738582
0.739622
0.740662
0.741705
0.742749
0.743794
0.744841
0.745889
0.746939
0.74799
0.749043
0.750097
0.751152
0.75221
0.753268
0.754328
0.75539
0.756453
0.757518
0.758584
0.759651
0.76072
0.761791
0.762863
0.763937
0.765012
0.766088
0.767167
0.768246
0.769327
0.77041
0.771494
0.77258
0.773667
0.774756
0.775847
0.776938
0.778032
0.779127
0.780223
0.781321
0.782421
0.783522
0.784625
0.785729
0.786835
0.787942
0.789051
0.790162
0.791274
0.792387
0.793502
0.794619
0.795737
0.796857
0.797979
0.799102
0.800226
0.801353
0.80248
0.80361
0.804741
0.805873
0.807007
0.808143
0.809281
0.810419
0.81156
0.812702
0.813846
0.814991
0.816138
0.817287
0.818437
0.819589
0.820742
0.821897
0.823054
0.824212
0.825372
0.826534
0.827697
0.828862
0.830029
0.831197
0.832366
0.833538
0.834711
0.835886
0.837062
0.83824
0.83942
0.840601
0.841784
0.842969
0.844155
0.845343
0.846533
0.847724
0.848917
0.850112
0.851308
0.852507
0.853706
0.854908
0.856111
0.857316
0.858522
0.859731
0.86094
0.862152
0.863365
0.864581
0.865797
0.867016
0.868236
0.869458
0.870682
0.871907
0.873134
0.874363
0.875593
0.876826
0.87806
0.879295
0.880533
0.881772
0.883013
0.884256
0.8855
0.886746
0.887994
0.889244
0.890495
0.891749
0.893004
0.89426
0.895519
0.896779
0.898041
0.899305
0.900571
0.901838
0.903108
0.904378
0.905651
0.906926
0.908202
0.90948
0.91076
0.912042
0.913326
0.914611
0.915898
0.917187
0.918478
0.919771
0.921065
0.922361
0.923659
0.924959
0.926261
0.927565
0.92887
0.930177
0.931486
0.932797
0.93411
0.935425
0.936741
0.938059
0.93938
0.940702
0.942026
0.943351
0.944679
0.946008
0.94734
0.948673
0.950008
0.951345
0.952684
0.954025
0.955367
0.956712
0.958058
0.959407
0.960757
0.962109
0.963463
0.964819
0.966177
0.967537
0.968898
0.970262
0.971627
0.972995
0.974364
0.975735
0.977109
0.978484
0.979861
0.98124
0.982621
0.984004
0.985388
0.986775
0.988164
0.989555
0.990947
0.992342
0.993738
0.995137
0.996537
0.99794
0.999344
1.00075
1.00216
1.00357
1.00498
1.0064
1.00781
1.00923
1.01065
1.01207
1.0135
1.01492
1.01635
1.01778
1.01922
1.02065
1.02209
1.02352
1.02497
1.02641
1.02785
1.0293
1.03075
1.0322
1.03365
1.03511
1.03656
1.03802
1.03948
1.04094
1.04241
1.04388
1.04535
1.04682
1.04829
1.04977
1.05124
1.05272
1.0542
1.05569
1.05717
1.05866
1.06015
1.06164
1.06314
1.06463
1.06613
1.06763
1.06913
1.07064
1.07215
1.07365
1.07517
1.07668
1.07819
1.07971
1.08123
1.08275
1.08428
1.0858
1.08733
1.08886
1.09039
1.09193
1.09346
1.095
1.09654
1.09809
1.09963
1.10118
1.10273
1.10428
1.10584
1.10739
1.10895
1.11051
1.11207
1.11364
1.11521
1.11678
1.11835
1.11992
1.1215
1.12308
1.12466
1.12624
1.12783
1.12941
1.131
1.13259
1.13419
1.13578
1.13738
1.13898
1.14059
1.14219
1.1438
1.14541
1.14702
1.14863
1.15025
1.15187
1.15349
1.15511
1.15674
1.15837
1.16
1.16163
1.16327
1.1649
1.16654
1.16818
1.16983
1.17147
1.17312
1.17477
1.17643
1.17808
1.17974
1.1814
1.18306
1.18473
1.1864
1.18807
1.18974
1.19141
1.19309
1.19477
1.19645
1.19813
1.19982
1.20151
1.2032
1.20489
1.20659
1.20829
1.20999
1.21169
1.21339
1.2151
1.21681
1.21852
1.22024
1.22196
1.22368
1.2254
1.22712
1.22885
1.23058
1.23231
1.23405
1.23578
1.23752
1.23926
1.24101
1.24275
1.2445
1.24625
1.24801
1.24976
1.25152
1.25328
1.25505
1.25681
1.25858
1.26036
1.26213
1.26391
1.26568
1.26747
1.26925
1.27104
1.27282
1.27462
1.27641
1.27821
1.28
1.28181
1.28361
1.28542
1.28723
1.28904
1.29085
1.29267
1.29449
1.29631
1.29813
1.29996
1.30179
1.30362
1.30546
1.30729
1.30913
1.31098
1.31282
1.31467
1.31652
1.31837
1.32023
1.32208
1.32395
1.32581
1.32767
1.32954
1.33141
1.33329
1.33516
1.33704
1.33892
1.34081
1.3427
1.34459
1.34648
1.34837
1.35027
1.35217
1.35407
1.35598
1.35789
1.3598
1.36171
1.36363
1.36555
1.36747
1.36939
1.37132
1.37325
1.37518
1.37712
1.37906
1.381
1.38294
1.38489
1.38684
1.38879
1.39074
1.3927
1.39466
1.39662
1.39859
1.40056
1.40253
1.4045
1.40648
1.40846
1.41044
1.41243
1.41441
1.4164
1.4184
1.42039
1.42239
1.42439
1.4264
1.42841
1.43042
1.43243
1.43445
1.43646
1.43849
1.44051
1.44254
1.44457
1.4466
1.44864
1.45068
1.45272
1.45476
1.45681
1.45886
1.46091
1.46297
1.46503
1.46709
1.46915
1.47122
1.47329
1.47537
1.47744
1.47952
1.4816
1.48369
1.48578
1.48787
1.48996
1.49206
1.49416
1.49626
1.49837
1.50048
1.50259
1.5047
1.50682
1.50894
1.51106
1.51319
1.51532
1.51745
1.51959
1.52173
1.52387
1.52601
1.52816
1.53031
1.53246
1.53462
1.53678
1.53894
1.54111
1.54328
1.54545
1.54763
1.5498
1.55198
1.55417
1.55636
1.55855
1.56074
1.56294
1.56514
1.56734
1.56954
1.57175
1.57397
1.57618
1.5784
1.58062
1.58284
1.58507
1.5873
1.58954
1.59177
1.59401
1.59626
1.5985
1.60075
1.60301
1.60526
1.60752
1.60978
1.61205
1.61432
1.61659
1.61887
1.62114
1.62342
1.62571
1.628
1.63029
1.63258
1.63488
1.63718
1.63949
1.64179
1.6441
1.64642
1.64873
1.65105
1.65338
1.65571
1.65804
1.66037
1.66271
1.66505
1.66739
1.66974
1.67209
1.67444
1.6768
1.67915
1.68152
1.68388
1.68625
1.68863
1.691
1.69338
1.69577
1.69815
1.70054
1.70294
1.70533
1.70773
1.71014
1.71254
1.71495
1.71737
1.71978
1.7222
1.72463
1.72706
1.72949
1.73192
1.73436
1.7368
1.73924
1.74169
1.74414
1.7466
1.74905
1.75152
1.75398
1.75645
1.75892
1.7614
1.76388
1.76636
1.76884
1.77133
1.77383
1.77632
1.77882
1.78133
1.78383
1.78634
1.78886
1.79137
1.7939
1.79642
1.79895
1.80148
1.80402
1.80655
1.8091
1.81164
1.81419
1.81675
1.8193
1.82186
1.82443
1.82699
1.82957
1.83214
1.83472
1.8373
1.83989
1.84248
1.84507
1.84767
1.85027
1.85287
1.85548
1.85809
1.8607
1.86332
1.86594
1.86857
1.8712
1.87383
1.87647
1.87911
1.88176
1.88441
1.88706
1.88971
1.89237
1.89504
1.8977
1.90037
1.90305
1.90573
1.90841
1.91109
1.91378
1.91648
1.91917
1.92187
1.92458
1.92729
1.93
1.93272
1.93544
1.93816
1.94089
1.94362
1.94635
1.94909
1.95184
1.95458
1.95733
1.96009
1.96285
1.96561
1.96838
1.97115
1.97392
1.9767
1.97948
1.98227
1.98506
1.98785
1.99065
1.99345
1.99625
1.99906
2.00188
2.00469
2.00752
2.01034
2.01317
2.016
2.01884
2.02168
2.02453
2.02738
2.03023
2.03309
2.03595
2.03881
2.04168
2.04456
2.04743
2.05032
2.0532
2.05609
2.05898
2.06188
2.06478
2.06769
2.0706
2.07351
2.07643
2.07935
2.08228
2.08521
2.08815
2.09108
2.09403
2.09697
2.09993
2.10288
2.10584
2.1088
2.11177
2.11474
2.11772
2.1207
2.12368
2.12667
2.12967
2.13266
2.13567
2.13867
2.14168
2.14469
2.14771
2.15074
2.15376
2.15679
2.15983
2.16287
2.16591
2.16896
2.17201
2.17507
2.17813
2.1812
2.18427
2.18734
2.19042
2.1935
2.19659
2.19968
2.20278
2.20588
2.20898
2.21209
2.2152
2.21832
2.22144
2.22457
2.2277
2.23083
2.23397
2.23712
2.24027
2.24342
2.24658
2.24974
2.2529
2.25607
2.25925
2.26243
2.26561
2.2688
2.27199
2.27519
2.27839
2.2816
2.28481
2.28803
2.29125
2.29447
2.2977
2.30093
2.30417
2.30741
2.31066
2.31391
2.31717
2.32043
2.3237
2.32697
2.33024
2.33352
2.33681
2.34009
2.34339
2.34669
2.34999
2.3533
2.35661
2.35992
2.36325
2.36657
2.3699
2.37324
2.37658
2.37992
2.38327
2.38663
2.38998
2.39335
2.39672
2.40009
2.40347
2.40685
2.41024
2.41363
2.41703
2.42043
2.42383
2.42724
2.43066
2.43408
2.43751
2.44094
2.44437
2.44781
2.45126
2.45471
2.45816
2.46162
2.46509
2.46856
2.47203
2.47551
2.47899
2.48248
2.48597
2.48947
2.49298
2.49649
2.5
2.50352
2.50704
2.51057
2.5141
2.51764
2.52118
2.52473
2.52828
2.53184
2.53541
2.53897
2.54255
2.54613
2.54971
2.5533
2.55689
2.56049
2.56409
2.5677
2.57132
2.57493
2.57856
2.58219
2.58582
2.58946
2.5931
2.59675
2.60041
2.60407
2.60773
2.6114
2.61508
2.61876
2.62244
2.62613
2.62983
2.63353
2.63724
2.64095
2.64467
2.64839
2.65211
2.65585
2.65959
2.66333
2.66708
2.67083
2.67459
2.67835
2.68212
2.6859
2.68968
2.69346
2.69725
2.70105
2.70485
2.70866
2.71247
2.71629
2.72011
2.72394
2.72777
2.73161
2.73545
2.7393
2.74316
2.74702
2.75089
2.75476
2.75863
2.76252
2.7664
2.7703
2.7742
2.7781
2.78201
2.78592
2.78985
2.79377
2.7977
2.80164
2.80558
2.80953
2.81349
2.81745
2.82141
2.82538
2.82936
2.83334
2.83733
2.84132
2.84532
2.84932
2.85333
2.85735
2.86137
2.8654
2.86943
2.87347
2.87751
2.88156
2.88562
2.88968
2.89375
2.89782
2.9019
2.90598
2.91007
2.91417
2.91827
2.92237
2.92649
2.9306
2.93473
2.93886
2.943
2.94714
2.95129
2.95544
2.9596
2.96376
2.96793
2.97211
2.97629
2.98048
2.98468
2.98888
2.99308
2.9973
3.00151
3.00574
3.00997
3.0142
3.01845
3.02269
3.02695
3.03121
3.03547
3.03975
3.04402
3.04831
3.0526
3.05689
3.0612
3.06551
3.06982
3.07414
3.07847
3.0828
3.08714
3.09148
3.09583
3.10019
3.10455
3.10892
3.1133
3.11768
3.12207
3.12646
3.13086
3.13527
3.13968
3.1441
3.14852
3.15295
3.15739
3.16183
3.16628
3.17074
3.1752
3.17967
3.18415
3.18863
3.19311
3.19761
3.20211
3.20661
3.21113
3.21565
3.22017
3.2247
3.22924
3.23379
3.23834
3.2429
3.24746
3.25203
3.25661
3.26119
3.26578
3.27038
3.27498
3.27959
3.2842
3.28882
3.29345
3.29809
3.30273
3.30738
3.31203
3.31669
3.32136
3.32604
3.33072
3.3354
3.3401
3.3448
3.34951
3.35422
3.35894
3.36367
3.3684
3.37314
3.37789
3.38264
3.3874
3.39217
3.39695
3.40173
3.40651
3.41131
3.41611
3.42092
3.42573
3.43055
3.43538
3.44021
3.44506
3.4499
3.45476
3.45962
3.46449
3.46937
3.47425
3.47914
3.48403
3.48894
3.49385
3.49877
3.50369
3.50862
3.51356
3.5185
3.52345
3.52841
3.53338
3.53835
3.54333
3.54832
3.55331
3.55831
3.56332
3.56834
3.57336
3.57839
3.58342
3.58847
3.59352
3.59857
3.60364
3.60871
3.61379
3.61887
3.62397
3.62907
3.63417
3.63929
3.64441
3.64954
3.65468
3.65982
3.66497
3.67013
3.67529
3.68046
3.68564
3.69083
3.69603
3.70123
3.70644
3.71165
3.71688
3.72211
3.72735
3.73259
3.73784
3.7431
3.74837
3.75365
3.75893
3.76422
3.76952
3.77482
3.78014
3.78546
3.79078
3.79612
3.80146
3.80681
3.81217
3.81753
3.82291
3.82829
3.83367
3.83907
3.84447
3.84988
3.8553
3.86073
3.86616
3.8716
3.87705
3.88251
3.88797
3.89344
3.89892
3.90441
3.9099
3.91541
3.92092
3.92643
3.93196
3.93749
3.94303
3.94858
3.95414
3.95971
3.96528
3.97086
3.97645
3.98204
3.98765
3.99326
3.99888
4.00451
4.01014
4.01579
4.02144
4.0271
4.03277
4.03844
4.04412
4.04982
4.05552
4.06122
4.06694
4.07266
4.07839
4.08413
4.08988
4.09564
4.1014
4.10717
4.11295
4.11874
4.12454
4.13034
4.13616
4.14198
4.14781
4.15364
4.15949
4.16534
4.17121
4.17708
4.18295
4.18884
4.19474
4.20064
4.20655
4.21247
4.2184
4.22434
4.23028
4.23624
4.2422
4.24817
4.25415
4.26013
4.26613
4.27213
4.27814
4.28417
4.2902
4.29623
4.30228
4.30833
4.3144
4.32047
4.32655
4.33264
4.33874
4.34484
4.35096
4.35708
4.36321
4.36935
4.3755
4.38166
4.38783
4.394
4.40019
4.40638
4.41258
4.41879
4.42501
4.43124
4.43747
4.44372
4.44997
4.45623
4.4625
4.46879
4.47507
4.48137
4.48768
4.49399
4.50032
4.50665
4.513
4.51935
4.52571
4.53208
4.53845
4.54484
4.55124
4.55764
4.56406
4.57048
4.57691
4.58335
4.5898
4.59626
4.60273
4.60921
4.6157
4.62219
4.6287
4.63521
4.64174
4.64827
4.65481
4.66136
4.66792
4.67449
4.68107
4.68766
4.69425
4.70086
4.70748
4.7141
4.72074
4.72738
4.73403
4.74069
4.74737
4.75405
4.76074
4.76744
4.77415
4.78087
4.7876
4.79433
4.80108
4.80784
4.8146
4.82138
4.82816
4.83496
4.84176
4.84858
4.8554
4.86223
4.86908
4.87593
4.88279
4.88966
4.89655
4.90344
4.91034
4.91725
4.92417
4.9311
4.93804
4.94499
4.95195
4.95892
4.96589
4.97288
4.97988
4.98689
4.99391
5.00094
5.00798
5.01502
5.02208
5.02915
5.03623
5.04331
5.05041
5.05752
5.06464
5.07177
5.0789
5.08605
5.09321
5.10038
5.10755
5.11474
5.12194
5.12915
5.13637
5.1436
5.15084
5.15808
5.16534
5.17261
5.17989
5.18718
5.19448
5.20179
5.20911
5.21644
5.22379
5.23114
5.2385
5.24587
5.25326
5.26065
5.26805
5.27547
5.28289
5.29033
5.29777
5.30523
5.31269
5.32017
5.32766
5.33515
5.34266
5.35018
5.35771
5.36525
5.3728
5.38036
5.38794
5.39552
5.40311
5.41072
5.41833
5.42596
5.43359
5.44124
5.4489
5.45657
5.46424
5.47194
5.47964
5.48735
5.49507
5.5028
5.51055
5.5183
5.52607
5.53385
5.54163
5.54943
5.55724
5.56506
5.5729
5.58074
5.58859
5.59646
5.60434
5.61222
5.62012
5.62803
5.63595
5.64388
5.65183
5.65978
5.66774
5.67572
5.68371
5.69171
5.69972
5.70774
5.71577
5.72382
5.73187
5.73994
5.74802
5.75611
5.76421
5.77232
5.78044
5.78858
5.79672
5.80488
5.81305
5.82123
5.82943
5.83763
5.84585
5.85407
5.86231
5.87056
5.87882
5.8871
5.89538
5.90368
5.91199
5.92031
5.92864
5.93698
5.94534
5.95371
5.96208
5.97048
5.97888
5.98729
5.99572
6.00416
6.01261
6.02107
6.02954
6.03803
6.04653
6.05504
6.06356
6.07209
6.08064
6.08919
6.09776
6.10634
6.11494
6.12354
6.13216
6.14079
6.14943
6.15809
6.16676
6.17543
6.18413
6.19283
6.20154
6.21027
6.21901
6.22776
6.23653
6.24531
6.25409
6.2629
6.27171
6.28054
6.28938
6.29823
6.30709
6.31597
6.32486
6.33376
6.34267
6.3516
6.36054
6.36949
6.37845
6.38743
6.39642
6.40542
6.41443
6.42346
6.4325
6.44155
6.45062
6.4597
6.46879
6.47789
6.48701
6.49614
6.50528
6.51444
6.52361
6.53279
6.54198
6.55119
6.56041
6.56964
6.57889
6.58814
6.59742
6.6067
6.616
6.62531
6.63463
6.64397
6.65332
6.66269
6.67206
6.68145
6.69085
6.70027
6.7097
6.71914
6.7286
6.73807
6.74755
6.75705
6.76656
6.77608
6.78562
6.79517
6.80473
6.81431
6.8239
6.8335
6.84312
6.85275
6.86239
6.87205
6.88172
6.89141
6.90111
6.91082
6.92054
6.93028
6.94004
6.9498
6.95958
6.96938
6.97919
6.98901
6.99885
7.00869
7.01856
7.02844
7.03833
7.04823
7.05815
7.06809
7.07803
7.08799
7.09797
7.10796
7.11796
7.12798
7.13801
7.14806
7.15812
7.16819
7.17828
7.18838
7.1985
7.20863
7.21877
7.22893
7.23911
7.24929
7.2595
7.26971
7.27994
7.29019
7.30045
7.31072
7.32101
7.33132
7.34163
7.35197
7.36231
7.37267
7.38305
7.39344
7.40385
7.41427
7.4247
7.43515
7.44561
7.45609
7.46658
7.47709
7.48762
7.49815
7.50871
7.51927
7.52986
7.54045
7.55106
7.56169
7.57233
7.58299
7.59366
7.60435
7.61505
7.62577
7.6365
7.64725
7.65801
7.66879
7.67958
7.69039
7.70121
7.71205
7.7229
7.73377
7.74466
7.75556
7.76647
7.7774
7.78835
7.79931
7.81028
7.82127
7.83228
7.8433
7.85434
7.8654
7.87647
7.88755
7.89865
7.90977
7.9209
7.93205
7.94321
7.95439
7.96558
7.97679
7.98802
7.99926
8.01052
8.02179
8.03308
8.04439
8.05571
8.06705
8.0784
8.08977
8.10115
8.11255
8.12397
8.13541
8.14685
8.15832
8.1698
8.1813
8.19281
8.20434
8.21589
8.22745
8.23903
8.25063
8.26224
8.27387
8.28551
8.29717
8.30885
8.32054
8.33225
8.34398
8.35572
8.36748
8.37926
8.39105
8.40286
8.41468
8.42653
8.43838
8.45026
8.46215
8.47406
8.48599
8.49793
8.50989
8.52187
8.53386
8.54587
8.5579
8.56994
8.582
8.59408
8.60617
8.61829
8.63042
8.64256
8.65472
8.6669
8.6791
8.69132
8.70355
8.7158
8.72806
8.74035
8.75265
8.76497
8.7773
8.78965
8.80202
8.81441
8.82682
8.83924
8.85168
8.86414
8.87661
8.8891
8.90161
8.91414
8.92669
8.93925
8.95183
8.96443
8.97704
8.98968
9.00233
9.015
9.02769
9.04039
9.05311
9.06586
9.07861
9.09139
9.10419
9.117
9.12983
9.14268
9.15555
9.16843
9.18133
9.19425
9.20719
9.22015
9.23313
9.24612
9.25913
9.27217
9.28521
9.29828
9.31137
9.32447
9.3376
9.35074
9.3639
9.37707
9.39027
9.40349
9.41672
9.42997
9.44324
9.45653
9.46984
9.48317
9.49652
9.50988
9.52327
9.53667
9.55009
9.56353
9.57699
9.59047
9.60396
9.61748
9.63102
9.64457
9.65814
9.67174
9.68535
9.69898
9.71263
9.7263
9.73998
9.75369
9.76742
9.78117
9.79493
9.80872
9.82252
9.83634
9.85019
9.86405
9.87793
9.89183
9.90575
9.9197
9.93366
9.94764
9.96164
9.97566
9.98969
10.0038
10.0178
10.0319
10.046
10.0602
10.0743
10.0885
10.1027
10.1169
10.1312
10.1454
10.1597
10.174
10.1883
10.2027
10.217
10.2314
10.2458
10.2602
10.2747
10.2891
10.3036
10.3181
10.3326
10.3472
10.3617
10.3763
10.3909
10.4055
10.4202
10.4348
10.4495
10.4642
10.479
10.4937
10.5085
10.5233
10.5381
10.5529
10.5678
10.5826
10.5975
10.6124
10.6274
10.6423
10.6573
10.6723
10.6873
10.7024
10.7174
10.7325
10.7476
10.7627
10.7779
10.7931
10.8083
10.8235
10.8387
10.854
10.8692
10.8845
10.8998
10.9152
10.9305
10.9459
10.9613
10.9768
10.9922
11.0077
11.0232
11.0387
11.0542
11.0698
11.0854
11.101
11.1166
11.1322
11.1479
11.1636
11.1793
11.195
11.2108
11.2266
11.2424
11.2582
11.274
11.2899
11.3058
11.3217
11.3376
11.3536
11.3696
11.3856
11.4016
11.4176
11.4337
11.4498
11.4659
11.482
11.4982
11.5144
11.5306
11.5468
11.5631
11.5793
11.5956
11.6119
11.6283
11.6447
11.661
11.6775
11.6939
11.7103
11.7268
11.7433
11.7599
11.7764
11.793
11.8096
11.8262
11.8428
11.8595
11.8762
11.8929
11.9096
11.9264
11.9432
11.96
11.9768
11.9937
12.0106
12.0275
12.0444
12.0613
12.0783
12.0953
12.1123
12.1294
12.1465
12.1636
12.1807
12.1978
12.215
12.2322
12.2494
12.2666
12.2839
12.3012
12.3185
12.3358
12.3532
12.3706
12.388
12.4054
12.4229
12.4404
12.4579
12.4754
12.493
12.5105
12.5281
12.5458
12.5634
12.5811
12.5988
12.6166
12.6343
12.6521
12.6699
12.6877
12.7056
12.7235
12.7414
12.7593
12.7773
12.7952
12.8132
12.8313
12.8493
12.8674
12.8855
12.9037
12.9218
12.94
12.9582
12.9765
12.9947
13.013
13.0313
13.0497
13.068
13.0864
13.1048
13.1233
13.1417
13.1602
13.1788
13.1973
13.2159
13.2345
13.2531
13.2718
13.2904
13.3091
13.3279
13.3466
13.3654
13.3842
13.4031
13.4219
13.4408
13.4597
13.4787
13.4976
13.5166
13.5357
13.5547
13.5738
13.5929
13.612
13.6312
13.6504
13.6696
13.6888
13.7081
13.7274
13.7467
13.766
13.7854
13.8048
13.8242
13.8437
13.8632
13.8827
13.9022
13.9218
13.9414
13.961
13.9806
14.0003
14.02
14.0398
14.0595
14.0793
14.0991
14.119
14.1388
14.1587
14.1787
14.1986
14.2186
14.2386
14.2586
14.2787
14.2988
14.3189
14.3391
14.3593
14.3795
14.3997
14.42
14.4403
14.4606
14.4809
14.5013
14.5217
14.5422
14.5626
14.5831
14.6036
14.6242
14.6448
14.6654
14.686
14.7067
14.7274
14.7481
14.7689
14.7897
14.8105
14.8313
14.8522
14.8731
14.894
14.915
14.936
14.957
14.978
14.9991
15.0202
15.0414
15.0625
15.0837
15.105
15.1262
15.1475
15.1688
15.1902
15.2116
15.233
15.2544
15.2759
15.2974
15.3189
15.3405
15.362
15.3837
15.4053
15.427
15.4487
15.4704
15.4922
15.514
15.5359
15.5577
15.5796
15.6015
15.6235
15.6455
15.6675
15.6896
15.7116
15.7337
15.7559
15.7781
15.8003
15.8225
15.8448
15.8671
15.8894
15.9118
15.9342
15.9566
15.979
16.0015
16.024
16.0466
16.0692
16.0918
16.1144
16.1371
16.1598
16.1826
16.2054
16.2282
16.251
16.2739
16.2968
16.3197
16.3427
16.3657
16.3887
16.4118
16.4349
16.458
16.4812
16.5044
16.5276
16.5508
16.5741
16.5975
16.6208
16.6442
16.6676
16.6911
16.7146
16.7381
16.7617
16.7852
16.8089
16.8325
16.8562
16.8799
16.9037
16.9275
16.9513
16.9752
16.9991
17.023
17.0469
17.0709
17.095
17.119
17.1431
17.1672
17.1914
17.2156
17.2398
17.2641
17.2884
17.3127
17.3371
17.3615
17.3859
17.4104
17.4349
17.4594
17.484
17.5086
17.5332
17.5579
17.5826
17.6074
17.6321
17.6569
17.6818
17.7067
17.7316
17.7566
17.7815
17.8066
17.8316
17.8567
17.8819
17.907
17.9322
17.9575
17.9827
18.008
18.0334
18.0588
18.0842
18.1096
18.1351
18.1606
18.1862
18.2118
18.2374
18.2631
18.2888
18.3145
18.3403
18.3661
18.392
18.4178
18.4438
18.4697
18.4957
18.5217
18.5478
18.5739
18.6001
18.6262
18.6524
18.6787
18.705
18.7313
18.7577
18.7841
18.8105
18.837
18.8635
18.89
18.9166
18.9432
18.9699
18.9966
19.0233
19.0501
19.0769
19.1038
19.1307
19.1576
19.1845
19.2115
19.2386
19.2656
19.2928
19.3199
19.3471
19.3743
19.4016
19.4289
19.4562
19.4836
19.511
19.5385
19.566
19.5935
19.6211
19.6487
19.6764
19.7041
19.7318
19.7596
19.7874
19.8152
19.8431
19.871
19.899
19.927
19.9551
19.9831
20.0113
20.0394
20.0676
20.0959
20.1242
20.1525
20.1808
20.2092
20.2377
20.2662
20.2947
20.3232
20.3518
20.3805
20.4092
20.4379
20.4667
20.4955
20.5243
20.5532
20.5821
20.6111
20.6401
20.6691
20.6982
20.7274
20.7565
20.7857
20.815
20.8443
20.8736
20.903
20.9324
20.9619
20.9914
21.0209
21.0505
21.0801
21.1098
21.1395
21.1693
21.199
21.2289
21.2588
21.2887
21.3186
21.3486
21.3787
21.4088
21.4389
21.4691
21.4993
21.5295
21.5598
21.5902
21.6206
21.651
21.6815
21.712
21.7425
21.7731
21.8038
21.8345
21.8652
21.896
21.9268
21.9576
21.9885
22.0195
22.0505
22.0815
22.1126
22.1437
22.1749
22.2061
22.2373
22.2686
22.3
22.3313
22.3628
22.3942
22.4258
22.4573
22.4889
22.5206
22.5523
22.584
22.6158
22.6476
22.6795
22.7114
22.7434
22.7754
22.8074
22.8395
22.8717
22.9039
22.9361
22.9684
23.0007
23.0331
23.0655
23.098
23.1305
23.163
23.1956
23.2283
23.2609
23.2937
23.3265
23.3593
23.3922
23.4251
23.4581
23.4911
23.5241
23.5572
23.5904
23.6236
23.6568
23.6901
23.7235
23.7569
23.7903
23.8238
23.8573
23.8909
23.9245
23.9582
23.9919
24.0257
24.0595
24.0933
24.1272
24.1612
24.1952
24.2292
24.2633
24.2975
24.3317
24.3659
24.4002
24.4346
24.4689
24.5034
24.5379
24.5724
24.607
24.6416
24.6763
24.711
24.7458
24.7806
24.8155
24.8504
24.8854
24.9204
24.9555
24.9906
25.0258
25.061
25.0963
25.1316
25.167
25.2024
25.2378
25.2734
25.3089
25.3446
25.3802
25.4159
25.4517
25.4875
25.5234
25.5593
25.5953
25.6313
25.6674
25.7035
25.7397
25.7759
25.8122
25.8485
25.8849
25.9213
25.9578
25.9943
26.0309
26.0675
26.1042
26.141
26.1778
26.2146
26.2515
26.2884
26.3254
26.3625
26.3996
26.4367
26.4739
26.5112
26.5485
26.5859
26.6233
26.6608
26.6983
26.7359
26.7735
26.8112
26.8489
26.8867
26.9245
26.9624
27.0004
27.0384
27.0764
27.1145
27.1527
27.1909
27.2291
27.2675
27.3058
27.3443
27.3828
27.4213
27.4599
27.4985
27.5372
27.576
27.6148
27.6537
27.6926
27.7315
27.7706
27.8097
27.8488
27.888
27.9272
27.9665
28.0059
28.0453
28.0848
28.1243
28.1639
28.2035
28.2432
28.283
28.3228
28.3626
28.4025
28.4425
28.4825
28.5226
28.5628
28.603
28.6432
28.6835
28.7239
28.7643
28.8048
28.8453
28.8859
28.9266
28.9673
29.0081
29.0489
29.0898
29.1307
29.1717
29.2128
29.2539
29.2951
29.3363
29.3776
29.4189
29.4603
29.5018
29.5433
29.5849
29.6265
29.6682
29.71
29.7518
29.7936
29.8356
29.8776
29.9196
29.9617
30.0039
30.0461
30.0884
30.1307
30.1731
30.2156
30.2581
30.3007
30.3434
30.3861
30.4288
30.4717
30.5145
30.5575
30.6005
30.6435
30.6867
30.7299
30.7731
30.8164
30.8598
30.9032
30.9467
30.9903
31.0339
31.0776
31.1213
31.1651
31.2089
31.2529
31.2969
31.3409
31.385
31.4292
31.4734
31.5177
31.5621
31.6065
31.651
31.6955
31.7401
31.7848
31.8295
31.8743
31.9192
31.9641
32.0091
32.0541
32.0992
32.1444
32.1896
32.2349
32.2803
32.3257
32.3712
32.4168
32.4624
32.5081
32.5538
32.5997
32.6455
32.6915
32.7375
32.7836
32.8297
32.8759
32.9222
32.9685
33.0149
33.0614
33.1079
33.1545
33.2012
33.2479
33.2947
33.3415
33.3885
33.4354
33.4825
33.5296
33.5768
33.6241
33.6714
33.7188
33.7662
33.8137
33.8613
33.909
33.9567
34.0045
34.0524
34.1003
34.1483
34.1963
34.2445
34.2926
34.3409
34.3892
34.4376
34.4861
34.5346
34.5832
34.6319
34.6806
34.7295
34.7783
34.8273
34.8763
34.9254
34.9745
35.0237
35.073
35.1224
35.1718
35.2213
35.2709
35.3205
35.3702
35.42
35.4699
35.5198
35.5698
35.6198
35.67
35.7202
35.7704
35.8208
35.8712
35.9217
35.9722
36.0229
36.0735
36.1243
36.1752
36.2261
36.277
36.3281
36.3792
36.4304
36.4817
36.533
36.5845
36.6359
36.6875
36.7391
36.7908
36.8426
36.8945
36.9464
36.9984
37.0505
37.1026
37.1548
37.2071
37.2595
37.3119
37.3644
37.417
37.4697
37.5224
37.5752
37.6281
37.681
37.7341
37.7872
37.8404
37.8936
37.9469
38.0003
38.0538
38.1074
38.161
38.2147
38.2685
38.3224
38.3763
38.4303
38.4844
38.5385
38.5928
38.6471
38.7015
38.7559
38.8105
38.8651
38.9198
38.9746
39.0294
39.0844
39.1394
39.1944
39.2496
39.3048
39.3602
39.4156
39.471
39.5266
39.5822
39.6379
39.6937
39.7496
39.8055
39.8615
39.9176
39.9738
40.03
40.0864
40.1428
40.1993
40.2559
40.3125
40.3693
40.4261
40.483
40.5399
40.597
40.6541
40.7113
40.7686
40.826
40.8835
40.941
40.9986
41.0563
41.1141
41.172
41.2299
41.2879
41.346
41.4042
41.4625
41.5209
41.5793
41.6378
41.6964
41.7551
41.8138
41.8727
41.9316
41.9906
42.0497
42.1089
42.1682
42.2275
42.2869
42.3465
42.4061
42.4657
42.5255
42.5853
42.6453
42.7053
42.7654
42.8256
42.8859
42.9462
43.0066
43.0672
43.1278
43.1885
43.2493
43.3101
43.3711
43.4321
43.4932
43.5545
43.6158
43.6771
43.7386
43.8002
43.8618
43.9235
43.9853
44.0472
44.1092
44.1713
44.2335
44.2957
44.3581
44.4205
44.483
44.5456
44.6083
44.6711
44.734
44.7969
44.86
44.9231
44.9863
45.0496
45.113
45.1765
45.2401
45.3038
45.3675
45.4314
45.4953
45.5593
45.6234
45.6877
45.752
45.8163
45.8808
45.9454
46.0101
46.0748
46.1397
46.2046
46.2696
46.3347
46.3999
46.4652
46.5306
46.5961
46.6617
46.7274
46.7931
46.859
46.9249
46.991
47.0571
47.1233
47.1896
47.2561
47.3226
47.3892
47.4559
47.5226
47.5895
47.6565
47.7236
47.7907
47.858
47.9253
47.9928
48.0603
48.128
48.1957
48.2635
48.3315
48.3995
48.4676
48.5358
48.6041
48.6725
48.741
48.8096
48.8783
48.9471
49.016
49.085
49.154
49.2232
49.2925
49.3619
49.4313
49.5009
49.5706
49.6403
49.7102
49.7801
49.8502
49.9204
49.9906
50.061
50.1314
50.202
50.2726
50.3434
50.4142
50.4852
50.5562
50.6274
50.6986
50.77
50.8414
50.913
50.9846
51.0564
51.1282
51.2002
51.2722
51.3444
51.4167
51.489
51.5615
51.6341
51.7067
51.7795
51.8524
51.9253
51.9984
52.0716
52.1449
52.2183
52.2918
52.3653
52.439
52.5128
52.5867
52.6608
52.7349
52.8091
52.8834
52.9578
53.0324
53.107
53.1817
53.2566
53.3315
53.4066
53.4817
53.557
53.6324
53.7079
53.7835
53.8591
53.9349
54.0108
54.0869
54.163
54.2392
54.3155
54.392
54.4685
54.5452
54.6219
54.6988
54.7758
54.8529
54.9301
55.0074
55.0848
55.1623
55.24
55.3177
55.3956
55.4735
55.5516
55.6298
55.7081
55.7865
55.865
55.9436
56.0223
56.1012
56.1801
56.2592
56.3384
56.4176
56.497
56.5766
56.6562
56.7359
56.8158
56.8957
56.9758
57.056
57.1363
57.2167
57.2972
57.3779
57.4586
57.5395
57.6204
57.7015
57.7827
57.8641
57.9455
58.027
58.1087
58.1905
58.2724
58.3544
58.4365
58.5188
58.6011
58.6836
58.7662
58.8489
58.9317
59.0146
59.0977
59.1809
59.2642
59.3476
59.4311
59.5147
59.5985
59.6824
59.7663
59.8505
59.9347
60.019
60.1035
60.1881
60.2728
60.3576
60.4426
60.5276
60.6128
60.6981
60.7835
60.8691
60.9548
61.0405
61.1264
61.2125
61.2986
61.3849
61.4713
61.5578
61.6444
61.7312
61.818
61.905
61.9922
62.0794
62.1668
62.2543
62.3419
62.4296
62.5175
62.6055
62.6936
62.7818
62.8702
62.9586
63.0472
63.136
63.2248
63.3138
63.4029
63.4921
63.5815
63.671
63.7606
63.8503
63.9402
64.0302
64.1203
64.2105
64.3009
64.3914
64.482
64.5728
64.6636
64.7546
64.8458
64.937
65.0284
65.1199
65.2116
65.3034
65.3953
65.4873
65.5795
65.6717
65.7642
65.8567
65.9494
66.0422
66.1352
66.2282
66.3214
66.4148
66.5083
66.6019
66.6956
66.7894
66.8834
66.9776
67.0718
67.1662
67.2608
67.3554
67.4502
67.5451
67.6402
67.7354
67.8307
67.9262
68.0218
68.1175
68.2134
68.3094
68.4055
68.5018
68.5982
68.6947
68.7914
68.8882
68.9852
69.0822
69.1795
69.2768
69.3743
69.472
69.5697
69.6676
69.7657
69.8639
69.9622
70.0607
70.1593
70.258
70.3569
70.4559
70.555
70.6543
70.7538
70.8533
70.9531
71.0529
71.1529
71.2531
71.3533
71.4537
71.5543
71.655
71.7559
71.8568
71.958
72.0592
72.1606
72.2622
72.3639
72.4657
72.5677
72.6699
72.7721
72.8745
72.9771
73.0798
73.1827
73.2857
73.3888
73.4921
73.5955
73.6991
73.8028
73.9067
74.0107
74.1148
74.2191
74.3236
74.4282
74.5329
74.6378
74.7429
74.8481
74.9534
75.0589
75.1645
75.2703
75.3762
75.4823
75.5885
75.6949
75.8015
75.9081
76.015
76.1219
76.2291
76.3364
76.4438
76.5514
76.6591
76.767
76.875
76.9832
77.0916
77.2001
77.3087
77.4175
77.5265
77.6356
77.7448
77.8542
77.9638
78.0735
78.1834
78.2934
78.4036
78.514
78.6245
78.7351
78.8459
78.9569
79.068
79.1793
79.2907
79.4023
79.514
79.6259
79.738
79.8502
79.9626
80.0751
80.1878
80.3007
80.4137
80.5269
80.6402
80.7537
80.8673
80.9811
81.0951
81.2092
81.3235
81.438
81.5526
81.6674
81.7823
81.8974
82.0127
82.1281
82.2437
82.3594
82.4753
82.5914
82.7076
82.824
82.9406
83.0573
83.1742
83.2913
83.4085
83.5259
83.6434
83.7611
83.879
83.997
84.1153
84.2336
84.3522
84.4709
84.5898
84.7088
84.828
84.9474
85.067
85.1867
85.3066
85.4266
85.5469
85.6673
85.7878
85.9086
86.0295
86.1505
86.2718
86.3932
86.5148
86.6365
86.7585
86.8806
87.0028
87.1253
87.2479
87.3707
87.4936
87.6168
87.7401
87.8636
87.9872
88.111
88.235
88.3592
88.4836
88.6081
88.7328
88.8577
88.9827
89.108
89.2334
89.359
89.4847
89.6107
89.7368
89.8631
89.9895
90.1162
90.243
90.37
90.4972
90.6245
90.7521
90.8798
91.0077
91.1358
91.264
91.3925
91.5211
91.6499
91.7789
91.9081
92.0374
92.1669
92.2966
92.4265
92.5566
92.6869
92.8173
92.9479
93.0787
93.2097
93.3409
93.4723
93.6038
93.7356
93.8675
93.9996
94.1319
94.2644
94.397
94.5299
94.6629
94.7961
94.9295
95.0631
95.1969
95.3309
95.4651
95.5994
95.734
95.8687
96.0036
96.1387
96.274
96.4095
96.5452
96.6811
96.8171
96.9534
97.0898
97.2265
97.3633
97.5003
97.6375
97.775
97.9126
98.0504
98.1883
98.3265
98.4649
98.6035
98.7423
98.8812
99.0204
99.1597
99.2993
99.439
99.579
99.7191
99.8595
100
