#k in inverse Angstrom
0.000118756
0.000118949
0.000119142
0.000119335
0.000119529
0.000119723
0.000119918
0.000120112
0.000120307
0.000120503
0.000120698
0.000120894
0.00012109
0.000121287
0.000121484
0.000121681
0.000121879
0.000122077
0.000122275
0.000122473
0.000122672
0.000122871
0.000123071
0.000123271
0.000123471
0.000123671
0.000123872
0.000124073
0.000124274
0.000124476
0.000124678
0.000124881
0.000125083
0.000125286
0.00012549
0.000125694
0.000125898
0.000126102
0.000126307
0.000126512
0.000126717
0.000126923
0.000127129
0.000127335
0.000127542
0.000127749
0.000127957
0.000128164
0.000128372
0.000128581
0.00012879
0.000128999
0.000129208
0.000129418
0.000129628
0.000129838
0.000130049
0.00013026
0.000130472
0.000130684
0.000130896
0.000131108
0.000131321
0.000131534
0.000131748
0.000131962
0.000132176
0.00013239
0.000132605
0.000132821
0.000133036
0.000133252
0.000133469
0.000133685
0.000133902
0.00013412
0.000134337
0.000134556
0.000134774
0.000134993
0.000135212
0.000135431
0.000135651
0.000135872
0.000136092
0.000136313
0.000136534
0.000136756
0.000136978
0.0001372
0.000137423
0.000137646
0.00013787
0.000138094
0.000138318
0.000138542
0.000138767
0.000138992
0.000139218
0.000139444
0.000139671
0.000139897
0.000140124
0.000140352
0.00014058
0.000140808
0.000141037
0.000141266
0.000141495
0.000141725
0.000141955
0.000142185
0.000142416
0.000142647
0.000142879
0.000143111
0.000143343
0.000143576
0.000143809
0.000144042
0.000144276
0.00014451
0.000144745
0.00014498
0.000145215
0.000145451
0.000145687
0.000145924
0.000146161
0.000146398
0.000146636
0.000146874
0.000147112
0.000147351
0.00014759
0.00014783
0.00014807
0.00014831
0.000148551
0.000148792
0.000149034
0.000149276
0.000149518
0.000149761
0.000150004
0.000150247
0.000150491
0.000150736
0.00015098
0.000151225
0.000151471
0.000151717
0.000151963
0.00015221
0.000152457
0.000152704
0.000152952
0.000153201
0.000153449
0.000153698
0.000153948
0.000154198
0.000154448
0.000154699
0.00015495
0.000155202
0.000155454
0.000155706
0.000155959
0.000156212
0.000156466
0.00015672
0.000156974
0.000157229
0.000157484
0.00015774
0.000157996
0.000158252
0.000158509
0.000158767
0.000159024
0.000159283
0.000159541
0.0001598
0.00016006
0.000160319
0.00016058
0.00016084
0.000161101
0.000161363
0.000161625
0.000161887
0.00016215
0.000162413
0.000162677
0.000162941
0.000163206
0.000163471
0.000163736
0.000164002
0.000164268
0.000164535
0.000164802
0.000165069
0.000165337
0.000165606
0.000165875
0.000166144
0.000166414
0.000166684
0.000166955
0.000167226
0.000167497
0.000167769
0.000168041
0.000168314
0.000168587
0.000168861
0.000169135
0.00016941
0.000169685
0.00016996
0.000170236
0.000170513
0.000170789
0.000171067
0.000171344
0.000171623
0.000171901
0.00017218
0.00017246
0.00017274
0.00017302
0.000173301
0.000173582
0.000173864
0.000174147
0.000174429
0.000174712
0.000174996
0.00017528
0.000175565
0.00017585
0.000176135
0.000176421
0.000176708
0.000176994
0.000177282
0.00017757
0.000177858
0.000178147
0.000178436
0.000178726
0.000179016
0.000179306
0.000179597
0.000179889
0.000180181
0.000180474
0.000180767
0.00018106
0.000181354
0.000181648
0.000181943
0.000182239
0.000182534
0.000182831
0.000183128
0.000183425
0.000183723
0.000184021
0.00018432
0.000184619
0.000184919
0.000185219
0.00018552
0.000185821
0.000186122
0.000186425
0.000186727
0.00018703
0.000187334
0.000187638
0.000187943
0.000188248
0.000188553
0.00018886
0.000189166
0.000189473
0.000189781
0.000190089
0.000190398
0.000190707
0.000191016
0.000191326
0.000191637
0.000191948
0.00019226
0.000192572
0.000192885
0.000193198
0.000193511
0.000193825
0.00019414
0.000194455
0.000194771
0.000195087
0.000195404
0.000195721
0.000196039
0.000196357
0.000196676
0.000196995
0.000197315
0.000197635
0.000197956
0.000198278
0.000198599
0.000198922
0.000199245
0.000199568
0.000199892
0.000200217
0.000200542
0.000200867
0.000201194
0.00020152
0.000201847
0.000202175
0.000202503
0.000202832
0.000203161
0.000203491
0.000203821
0.000204152
0.000204484
0.000204816
0.000205148
0.000205481
0.000205815
0.000206149
0.000206484
0.000206819
0.000207155
0.000207491
0.000207828
0.000208165
0.000208503
0.000208842
0.000209181
0.00020952
0.00020986
0.000210201
0.000210542
0.000210884
0.000211227
0.00021157
0.000211913
0.000212257
0.000212602
0.000212947
0.000213292
0.000213639
0.000213986
0.000214333
0.000214681
0.000215029
0.000215379
0.000215728
0.000216078
0.000216429
0.000216781
0.000217133
0.000217485
0.000217838
0.000218192
0.000218546
0.000218901
0.000219256
0.000219612
0.000219969
0.000220326
0.000220683
0.000221042
0.000221401
0.00022176
0.00022212
0.000222481
0.000222842
0.000223204
0.000223566
0.000223929
0.000224292
0.000224657
0.000225021
0.000225387
0.000225752
0.000226119
0.000226486
0.000226854
0.000227222
0.000227591
0.00022796
0.00022833
0.000228701
0.000229072
0.000229444
0.000229817
0.00023019
0.000230564
0.000230938
0.000231313
0.000231688
0.000232065
0.000232441
0.000232819
0.000233197
0.000233575
0.000233954
0.000234334
0.000234715
0.000235096
0.000235477
0.00023586
0.000236243
0.000236626
0.00023701
0.000237395
0.00023778
0.000238166
0.000238553
0.00023894
0.000239328
0.000239717
0.000240106
0.000240496
0.000240886
0.000241277
0.000241669
0.000242061
0.000242454
0.000242848
0.000243242
0.000243637
0.000244033
0.000244429
0.000244826
0.000245223
0.000245621
0.00024602
0.000246419
0.000246819
0.00024722
0.000247621
0.000248023
0.000248426
0.000248829
0.000249233
0.000249638
0.000250043
0.000250449
0.000250856
0.000251263
0.000251671
0.000252079
0.000252489
0.000252899
0.000253309
0.00025372
0.000254132
0.000254545
0.000254958
0.000255372
0.000255787
0.000256202
0.000256618
0.000257034
0.000257452
0.00025787
0.000258288
0.000258708
0.000259128
0.000259548
0.00025997
0.000260392
0.000260814
0.000261238
0.000261662
0.000262087
0.000262512
0.000262938
0.000263365
0.000263793
0.000264221
0.00026465
0.00026508
0.00026551
0.000265941
0.000266373
0.000266805
0.000267238
0.000267672
0.000268107
0.000268542
0.000268978
0.000269415
0.000269852
0.00027029
0.000270729
0.000271169
0.000271609
0.00027205
0.000272491
0.000272934
0.000273377
0.000273821
0.000274265
0.00027471
0.000275156
0.000275603
0.000276051
0.000276499
0.000276948
0.000277397
0.000277848
0.000278299
0.00027875
0.000279203
0.000279656
0.00028011
0.000280565
0.000281021
0.000281477
0.000281934
0.000282391
0.00028285
0.000283309
0.000283769
0.00028423
0.000284691
0.000285153
0.000285616
0.00028608
0.000286544
0.00028701
0.000287476
0.000287942
0.00028841
0.000288878
0.000289347
0.000289817
0.000290287
0.000290758
0.00029123
0.000291703
0.000292177
0.000292651
0.000293126
0.000293602
0.000294079
0.000294556
0.000295034
0.000295513
0.000295993
0.000296474
0.000296955
0.000297437
0.00029792
0.000298404
0.000298888
0.000299373
0.000299859
0.000300346
0.000300834
0.000301322
0.000301811
0.000302301
0.000302792
0.000303284
0.000303776
0.000304269
0.000304763
0.000305258
0.000305753
0.00030625
0.000306747
0.000307245
0.000307744
0.000308243
0.000308744
0.000309245
0.000309747
0.00031025
0.000310754
0.000311258
0.000311763
0.00031227
0.000312776
0.000313284
0.000313793
0.000314302
0.000314813
0.000315324
0.000315836
0.000316348
0.000316862
0.000317376
0.000317892
0.000318408
0.000318925
0.000319442
0.000319961
0.00032048
0.000321001
0.000321522
0.000322044
0.000322567
0.00032309
0.000323615
0.00032414
0.000324666
0.000325193
0.000325721
0.00032625
0.00032678
0.00032731
0.000327842
0.000328374
0.000328907
0.000329441
0.000329976
0.000330512
0.000331048
0.000331586
0.000332124
0.000332663
0.000333203
0.000333744
0.000334286
0.000334829
0.000335372
0.000335917
0.000336462
0.000337008
0.000337555
0.000338103
0.000338652
0.000339202
0.000339753
0.000340304
0.000340857
0.00034141
0.000341964
0.000342519
0.000343076
0.000343633
0.00034419
0.000344749
0.000345309
0.000345869
0.000346431
0.000346993
0.000347557
0.000348121
0.000348686
0.000349252
0.000349819
0.000350387
0.000350956
0.000351526
0.000352096
0.000352668
0.000353241
0.000353814
0.000354388
0.000354964
0.00035554
0.000356117
0.000356695
0.000357274
0.000357854
0.000358435
0.000359017
0.0003596
0.000360184
0.000360769
0.000361354
0.000361941
0.000362529
0.000363117
0.000363707
0.000364297
0.000364889
0.000365481
0.000366074
0.000366669
0.000367264
0.00036786
0.000368457
0.000369055
0.000369655
0.000370255
0.000370856
0.000371458
0.000372061
0.000372665
0.00037327
0.000373876
0.000374483
0.000375091
0.0003757
0.00037631
0.000376921
0.000377533
0.000378145
0.000378759
0.000379374
0.00037999
0.000380607
0.000381225
0.000381844
0.000382464
0.000383085
0.000383707
0.00038433
0.000384953
0.000385578
0.000386204
0.000386831
0.000387459
0.000388088
0.000388718
0.00038935
0.000389982
0.000390615
0.000391249
0.000391884
0.00039252
0.000393158
0.000393796
0.000394435
0.000395075
0.000395717
0.000396359
0.000397003
0.000397647
0.000398293
0.000398939
0.000399587
0.000400236
0.000400886
0.000401536
0.000402188
0.000402841
0.000403495
0.00040415
0.000404806
0.000405464
0.000406122
0.000406781
0.000407441
0.000408103
0.000408765
0.000409429
0.000410094
0.00041076
0.000411426
0.000412094
0.000412763
0.000413433
0.000414105
0.000414777
0.00041545
0.000416125
0.0004168
0.000417477
0.000418155
0.000418834
0.000419514
0.000420195
0.000420877
0.00042156
0.000422244
0.00042293
0.000423617
0.000424304
0.000424993
0.000425683
0.000426374
0.000427066
0.00042776
0.000428454
0.00042915
0.000429846
0.000430544
0.000431243
0.000431943
0.000432645
0.000433347
0.00043405
0.000434755
0.000435461
0.000436168
0.000436876
0.000437585
0.000438296
0.000439007
0.00043972
0.000440434
0.000441149
0.000441865
0.000442582
0.000443301
0.00044402
0.000444741
0.000445463
0.000446187
0.000446911
0.000447636
0.000448363
0.000449091
0.00044982
0.00045055
0.000451282
0.000452014
0.000452748
0.000453483
0.00045422
0.000454957
0.000455696
0.000456435
0.000457176
0.000457919
0.000458662
0.000459407
0.000460152
0.000460899
0.000461648
0.000462397
0.000463148
0.0004639
0.000464653
0.000465407
0.000466163
0.00046692
0.000467678
0.000468437
0.000469197
0.000469959
0.000470722
0.000471486
0.000472252
0.000473018
0.000473786
0.000474555
0.000475326
0.000476097
0.00047687
0.000477645
0.00047842
0.000479197
0.000479975
0.000480754
0.000481534
0.000482316
0.000483099
0.000483883
0.000484669
0.000485456
0.000486244
0.000487033
0.000487824
0.000488616
0.000489409
0.000490204
0.000491
0.000491797
0.000492595
0.000493395
0.000494196
0.000494998
0.000495802
0.000496607
0.000497413
0.00049822
0.000499029
0.000499839
0.000500651
0.000501464
0.000502278
0.000503093
0.00050391
0.000504728
0.000505547
0.000506368
0.00050719
0.000508014
0.000508838
0.000509664
0.000510492
0.000511321
0.000512151
0.000512982
0.000513815
0.000514649
0.000515485
0.000516321
0.00051716
0.000517999
0.00051884
0.000519683
0.000520526
0.000521371
0.000522218
0.000523065
0.000523915
0.000524765
0.000525617
0.00052647
0.000527325
0.000528181
0.000529039
0.000529898
0.000530758
0.00053162
0.000532483
0.000533347
0.000534213
0.00053508
0.000535949
0.000536819
0.00053769
0.000538563
0.000539438
0.000540313
0.000541191
0.000542069
0.000542949
0.000543831
0.000544714
0.000545598
0.000546484
0.000547371
0.000548259
0.00054915
0.000550041
0.000550934
0.000551828
0.000552724
0.000553622
0.00055452
0.000555421
0.000556322
0.000557226
0.00055813
0.000559036
0.000559944
0.000560853
0.000561763
0.000562675
0.000563589
0.000564504
0.00056542
0.000566338
0.000567258
0.000568179
0.000569101
0.000570025
0.00057095
0.000571877
0.000572806
0.000573736
0.000574667
0.0005756
0.000576534
0.00057747
0.000578408
0.000579347
0.000580287
0.000581229
0.000582173
0.000583118
0.000584065
0.000585013
0.000585963
0.000586914
0.000587867
0.000588821
0.000589777
0.000590735
0.000591694
0.000592654
0.000593616
0.00059458
0.000595545
0.000596512
0.000597481
0.000598451
0.000599422
0.000600395
0.00060137
0.000602346
0.000603324
0.000604304
0.000605285
0.000606267
0.000607252
0.000608238
0.000609225
0.000610214
0.000611205
0.000612197
0.000613191
0.000614186
0.000615183
0.000616182
0.000617182
0.000618184
0.000619188
0.000620193
0.0006212
0.000622209
0.000623219
0.000624231
0.000625244
0.000626259
0.000627276
0.000628294
0.000629314
0.000630336
0.000631359
0.000632384
0.000633411
0.000634439
0.000635469
0.000636501
0.000637534
0.000638569
0.000639606
0.000640644
0.000641684
0.000642726
0.000643769
0.000644814
0.000645861
0.00064691
0.00064796
0.000649012
0.000650066
0.000651121
0.000652178
0.000653237
0.000654297
0.000655359
0.000656423
0.000657489
0.000658556
0.000659626
0.000660696
0.000661769
0.000662843
0.00066392
0.000664997
0.000666077
0.000667158
0.000668241
0.000669326
0.000670413
0.000671501
0.000672591
0.000673683
0.000674777
0.000675873
0.00067697
0.000678069
0.00067917
0.000680272
0.000681377
0.000682483
0.000683591
0.000684701
0.000685812
0.000686925
0.000688041
0.000689158
0.000690277
0.000691397
0.00069252
0.000693644
0.00069477
0.000695898
0.000697028
0.000698159
0.000699293
0.000700428
0.000701565
0.000702704
0.000703845
0.000704987
0.000706132
0.000707278
0.000708427
0.000709577
0.000710729
0.000711883
0.000713038
0.000714196
0.000715355
0.000716517
0.00071768
0.000718845
0.000720012
0.000721181
0.000722352
0.000723524
0.000724699
0.000725876
0.000727054
0.000728234
0.000729417
0.000730601
0.000731787
0.000732975
0.000734165
0.000735357
0.00073655
0.000737746
0.000738944
0.000740144
0.000741345
0.000742549
0.000743754
0.000744962
0.000746171
0.000747382
0.000748596
0.000749811
0.000751028
0.000752248
0.000753469
0.000754692
0.000755917
0.000757145
0.000758374
0.000759605
0.000760838
0.000762073
0.00076331
0.00076455
0.000765791
0.000767034
0.000768279
0.000769527
0.000770776
0.000772027
0.000773281
0.000774536
0.000775793
0.000777053
0.000778314
0.000779578
0.000780844
0.000782111
0.000783381
0.000784653
0.000785927
0.000787202
0.00078848
0.00078976
0.000791043
0.000792327
0.000793613
0.000794902
0.000796192
0.000797485
0.000798779
0.000800076
0.000801375
0.000802676
0.000803979
0.000805284
0.000806592
0.000807901
0.000809213
0.000810526
0.000811842
0.00081316
0.00081448
0.000815803
0.000817127
0.000818454
0.000819782
0.000821113
0.000822446
0.000823781
0.000825119
0.000826458
0.0008278
0.000829144
0.00083049
0.000831838
0.000833189
0.000834541
0.000835896
0.000837253
0.000838613
0.000839974
0.000841338
0.000842704
0.000844072
0.000845442
0.000846814
0.000848189
0.000849566
0.000850945
0.000852327
0.000853711
0.000855097
0.000856485
0.000857875
0.000859268
0.000860663
0.00086206
0.00086346
0.000864862
0.000866266
0.000867672
0.000869081
0.000870492
0.000871905
0.00087332
0.000874738
0.000876158
0.000877581
0.000879005
0.000880432
0.000881862
0.000883293
0.000884727
0.000886164
0.000887602
0.000889043
0.000890486
0.000891932
0.00089338
0.000894831
0.000896283
0.000897738
0.000899196
0.000900656
0.000902118
0.000903582
0.000905049
0.000906519
0.00090799
0.000909464
0.000910941
0.00091242
0.000913901
0.000915385
0.000916871
0.000918359
0.00091985
0.000921343
0.000922839
0.000924337
0.000925838
0.000927341
0.000928847
0.000930354
0.000931865
0.000933378
0.000934893
0.000936411
0.000937931
0.000939454
0.000940979
0.000942506
0.000944037
0.000945569
0.000947104
0.000948642
0.000950182
0.000951725
0.00095327
0.000954817
0.000956367
0.00095792
0.000959475
0.000961033
0.000962593
0.000964156
0.000965721
0.000967289
0.000968859
0.000970432
0.000972007
0.000973585
0.000975166
0.000976749
0.000978335
0.000979923
0.000981514
0.000983107
0.000984703
0.000986302
0.000987903
0.000989507
0.000991113
0.000992723
0.000994334
0.000995948
0.000997565
0.000999185
0.00100081
0.00100243
0.00100406
0.00100569
0.00100732
0.00100896
0.0010106
0.00101224
0.00101388
0.00101553
0.00101717
0.00101883
0.00102048
0.00102214
0.0010238
0.00102546
0.00102712
0.00102879
0.00103046
0.00103213
0.00103381
0.00103549
0.00103717
0.00103885
0.00104054
0.00104223
0.00104392
0.00104561
0.00104731
0.00104901
0.00105071
0.00105242
0.00105413
0.00105584
0.00105755
0.00105927
0.00106099
0.00106271
0.00106444
0.00106617
0.0010679
0.00106963
0.00107137
0.00107311
0.00107485
0.00107659
0.00107834
0.00108009
0.00108185
0.0010836
0.00108536
0.00108712
0.00108889
0.00109066
0.00109243
0.0010942
0.00109598
0.00109776
0.00109954
0.00110132
0.00110311
0.0011049
0.0011067
0.00110849
0.00111029
0.00111209
0.0011139
0.00111571
0.00111752
0.00111933
0.00112115
0.00112297
0.00112479
0.00112662
0.00112845
0.00113028
0.00113212
0.00113395
0.0011358
0.00113764
0.00113949
0.00114134
0.00114319
0.00114505
0.0011469
0.00114877
0.00115063
0.0011525
0.00115437
0.00115624
0.00115812
0.00116
0.00116188
0.00116377
0.00116566
0.00116755
0.00116945
0.00117135
0.00117325
0.00117515
0.00117706
0.00117897
0.00118089
0.0011828
0.00118472
0.00118665
0.00118857
0.0011905
0.00119244
0.00119437
0.00119631
0.00119825
0.0012002
0.00120215
0.0012041
0.00120605
0.00120801
0.00120997
0.00121194
0.0012139
0.00121587
0.00121785
0.00121983
0.00122181
0.00122379
0.00122578
0.00122777
0.00122976
0.00123176
0.00123376
0.00123576
0.00123776
0.00123977
0.00124179
0.0012438
0.00124582
0.00124784
0.00124987
0.0012519
0.00125393
0.00125597
0.00125801
0.00126005
0.00126209
0.00126414
0.0012662
0.00126825
0.00127031
0.00127237
0.00127444
0.00127651
0.00127858
0.00128065
0.00128273
0.00128482
0.0012869
0.00128899
0.00129108
0.00129318
0.00129528
0.00129738
0.00129949
0.0013016
0.00130371
0.00130583
0.00130795
0.00131007
0.0013122
0.00131433
0.00131646
0.0013186
0.00132074
0.00132288
0.00132503
0.00132718
0.00132934
0.0013315
0.00133366
0.00133582
0.00133799
0.00134016
0.00134234
0.00134452
0.0013467
0.00134889
0.00135108
0.00135327
0.00135547
0.00135767
0.00135987
0.00136208
0.00136429
0.00136651
0.00136872
0.00137095
0.00137317
0.0013754
0.00137763
0.00137987
0.00138211
0.00138435
0.0013866
0.00138885
0.00139111
0.00139337
0.00139563
0.00139789
0.00140016
0.00140244
0.00140471
0.00140699
0.00140928
0.00141157
0.00141386
0.00141615
0.00141845
0.00142076
0.00142306
0.00142537
0.00142769
0.00143
0.00143233
0.00143465
0.00143698
0.00143931
0.00144165
0.00144399
0.00144633
0.00144868
0.00145103
0.00145339
0.00145575
0.00145811
0.00146048
0.00146285
0.00146523
0.0014676
0.00146999
0.00147237
0.00147476
0.00147716
0.00147956
0.00148196
0.00148436
0.00148677
0.00148919
0.0014916
0.00149403
0.00149645
0.00149888
0.00150131
0.00150375
0.00150619
0.00150864
0.00151109
0.00151354
0.001516
0.00151846
0.00152092
0.00152339
0.00152587
0.00152834
0.00153082
0.00153331
0.0015358
0.00153829
0.00154079
0.00154329
0.0015458
0.00154831
0.00155082
0.00155334
0.00155586
0.00155839
0.00156092
0.00156345
0.00156599
0.00156853
0.00157108
0.00157363
0.00157618
0.00157874
0.0015813
0.00158387
0.00158644
0.00158902
0.0015916
0.00159418
0.00159677
0.00159936
0.00160196
0.00160456
0.00160716
0.00160977
0.00161239
0.001615
0.00161763
0.00162025
0.00162288
0.00162552
0.00162816
0.0016308
0.00163345
0.0016361
0.00163875
0.00164142
0.00164408
0.00164675
0.00164942
0.0016521
0.00165478
0.00165747
0.00166016
0.00166285
0.00166555
0.00166826
0.00167097
0.00167368
0.0016764
0.00167912
0.00168184
0.00168457
0.00168731
0.00169005
0.00169279
0.00169554
0.00169829
0.00170105
0.00170381
0.00170658
0.00170935
0.00171212
0.0017149
0.00171769
0.00172048
0.00172327
0.00172607
0.00172887
0.00173168
0.00173449
0.0017373
0.00174012
0.00174295
0.00174578
0.00174861
0.00175145
0.00175429
0.00175714
0.00175999
0.00176285
0.00176571
0.00176858
0.00177145
0.00177433
0.00177721
0.00178009
0.00178298
0.00178588
0.00178878
0.00179168
0.00179459
0.0017975
0.00180042
0.00180334
0.00180627
0.0018092
0.00181214
0.00181508
0.00181803
0.00182098
0.00182394
0.0018269
0.00182986
0.00183284
0.00183581
0.00183879
0.00184178
0.00184477
0.00184776
0.00185076
0.00185377
0.00185678
0.00185979
0.00186281
0.00186583
0.00186886
0.0018719
0.00187494
0.00187798
0.00188103
0.00188408
0.00188714
0.0018902
0.00189327
0.00189635
0.00189942
0.00190251
0.0019056
0.00190869
0.00191179
0.00191489
0.001918
0.00192112
0.00192423
0.00192736
0.00193049
0.00193362
0.00193676
0.0019399
0.00194305
0.00194621
0.00194937
0.00195253
0.0019557
0.00195888
0.00196206
0.00196524
0.00196843
0.00197163
0.00197483
0.00197804
0.00198125
0.00198446
0.00198769
0.00199091
0.00199414
0.00199738
0.00200062
0.00200387
0.00200713
0.00201038
0.00201365
0.00201692
0.00202019
0.00202347
0.00202676
0.00203005
0.00203334
0.00203664
0.00203995
0.00204326
0.00204658
0.0020499
0.00205323
0.00205656
0.0020599
0.00206325
0.0020666
0.00206995
0.00207331
0.00207668
0.00208005
0.00208342
0.00208681
0.00209019
0.00209359
0.00209699
0.00210039
0.0021038
0.00210722
0.00211064
0.00211406
0.0021175
0.00212093
0.00212438
0.00212783
0.00213128
0.00213474
0.00213821
0.00214168
0.00214515
0.00214864
0.00215213
0.00215562
0.00215912
0.00216262
0.00216613
0.00216965
0.00217317
0.0021767
0.00218024
0.00218378
0.00218732
0.00219087
0.00219443
0.00219799
0.00220156
0.00220513
0.00220871
0.0022123
0.00221589
0.00221949
0.00222309
0.0022267
0.00223032
0.00223394
0.00223756
0.0022412
0.00224483
0.00224848
0.00225213
0.00225578
0.00225945
0.00226311
0.00226679
0.00227047
0.00227415
0.00227785
0.00228154
0.00228525
0.00228896
0.00229267
0.0022964
0.00230012
0.00230386
0.0023076
0.00231135
0.0023151
0.00231886
0.00232262
0.00232639
0.00233017
0.00233395
0.00233774
0.00234154
0.00234534
0.00234914
0.00235296
0.00235678
0.0023606
0.00236444
0.00236828
0.00237212
0.00237597
0.00237983
0.00238369
0.00238756
0.00239144
0.00239532
0.00239921
0.0024031
0.00240701
0.00241091
0.00241483
0.00241875
0.00242267
0.00242661
0.00243055
0.00243449
0.00243844
0.0024424
0.00244637
0.00245034
0.00245432
0.0024583
0.00246229
0.00246629
0.00247029
0.00247431
0.00247832
0.00248235
0.00248638
0.00249041
0.00249446
0.0024985
0.00250256
0.00250662
0.00251069
0.00251477
0.00251885
0.00252294
0.00252704
0.00253114
0.00253525
0.00253936
0.00254349
0.00254762
0.00255175
0.00255589
0.00256004
0.0025642
0.00256836
0.00257253
0.00257671
0.00258089
0.00258508
0.00258928
0.00259348
0.00259769
0.00260191
0.00260613
0.00261037
0.0026146
0.00261885
0.0026231
0.00262736
0.00263162
0.0026359
0.00264018
0.00264446
0.00264875
0.00265305
0.00265736
0.00266168
0.002666
0.00267032
0.00267466
0.002679
0.00268335
0.00268771
0.00269207
0.00269644
0.00270082
0.0027052
0.0027096
0.00271399
0.0027184
0.00272281
0.00272723
0.00273166
0.0027361
0.00274054
0.00274499
0.00274944
0.00275391
0.00275838
0.00276286
0.00276734
0.00277183
0.00277633
0.00278084
0.00278536
0.00278988
0.00279441
0.00279894
0.00280349
0.00280804
0.0028126
0.00281716
0.00282174
0.00282632
0.00283091
0.0028355
0.00284011
0.00284472
0.00284934
0.00285396
0.00285859
0.00286324
0.00286788
0.00287254
0.0028772
0.00288187
0.00288655
0.00289124
0.00289593
0.00290063
0.00290534
0.00291006
0.00291478
0.00291952
0.00292426
0.002929
0.00293376
0.00293852
0.00294329
0.00294807
0.00295286
0.00295765
0.00296245
0.00296726
0.00297208
0.0029769
0.00298174
0.00298658
0.00299142
0.00299628
0.00300115
0.00300602
0.0030109
0.00301579
0.00302068
0.00302559
0.0030305
0.00303542
0.00304035
0.00304528
0.00305023
0.00305518
0.00306014
0.00306511
0.00307008
0.00307507
0.00308006
0.00308506
0.00309007
0.00309508
0.00310011
0.00310514
0.00311018
0.00311523
0.00312029
0.00312535
0.00313043
0.00313551
0.0031406
0.0031457
0.00315081
0.00315592
0.00316104
0.00316618
0.00317132
0.00317647
0.00318162
0.00318679
0.00319196
0.00319714
0.00320233
0.00320753
0.00321274
0.00321795
0.00322318
0.00322841
0.00323365
0.0032389
0.00324416
0.00324943
0.0032547
0.00325999
0.00326528
0.00327058
0.00327589
0.00328121
0.00328654
0.00329187
0.00329721
0.00330257
0.00330793
0.0033133
0.00331868
0.00332407
0.00332946
0.00333487
0.00334028
0.0033457
0.00335114
0.00335658
0.00336203
0.00336748
0.00337295
0.00337843
0.00338391
0.00338941
0.00339491
0.00340042
0.00340594
0.00341147
0.00341701
0.00342255
0.00342811
0.00343368
0.00343925
0.00344483
0.00345043
0.00345603
0.00346164
0.00346726
0.00347289
0.00347853
0.00348417
0.00348983
0.0034955
0.00350117
0.00350685
0.00351255
0.00351825
0.00352396
0.00352968
0.00353541
0.00354115
0.0035469
0.00355266
0.00355843
0.0035642
0.00356999
0.00357579
0.00358159
0.00358741
0.00359323
0.00359906
0.00360491
0.00361076
0.00361662
0.00362249
0.00362837
0.00363426
0.00364016
0.00364607
0.00365199
0.00365792
0.00366386
0.00366981
0.00367577
0.00368173
0.00368771
0.0036937
0.00369969
0.0037057
0.00371172
0.00371774
0.00372378
0.00372982
0.00373588
0.00374194
0.00374802
0.0037541
0.0037602
0.0037663
0.00377242
0.00377854
0.00378467
0.00379082
0.00379697
0.00380314
0.00380931
0.0038155
0.00382169
0.00382789
0.00383411
0.00384033
0.00384657
0.00385281
0.00385907
0.00386533
0.00387161
0.00387789
0.00388419
0.00389049
0.00389681
0.00390314
0.00390947
0.00391582
0.00392218
0.00392854
0.00393492
0.00394131
0.00394771
0.00395412
0.00396054
0.00396697
0.00397341
0.00397986
0.00398632
0.00399279
0.00399927
0.00400577
0.00401227
0.00401878
0.00402531
0.00403184
0.00403839
0.00404494
0.00405151
0.00405809
0.00406468
0.00407127
0.00407788
0.0040845
0.00409114
0.00409778
0.00410443
0.00411109
0.00411777
0.00412445
0.00413115
0.00413785
0.00414457
0.0041513
0.00415804
0.00416479
0.00417155
0.00417832
0.00418511
0.0041919
0.00419871
0.00420552
0.00421235
0.00421919
0.00422604
0.0042329
0.00423977
0.00424666
0.00425355
0.00426045
0.00426737
0.0042743
0.00428124
0.00428819
0.00429515
0.00430212
0.00430911
0.0043161
0.00432311
0.00433013
0.00433716
0.0043442
0.00435125
0.00435832
0.00436539
0.00437248
0.00437958
0.00438669
0.00439381
0.00440094
0.00440809
0.00441524
0.00442241
0.00442959
0.00443678
0.00444399
0.0044512
0.00445843
0.00446566
0.00447291
0.00448018
0.00448745
0.00449473
0.00450203
0.00450934
0.00451666
0.00452399
0.00453134
0.00453869
0.00454606
0.00455344
0.00456084
0.00456824
0.00457566
0.00458308
0.00459052
0.00459798
0.00460544
0.00461292
0.00462041
0.00462791
0.00463542
0.00464295
0.00465048
0.00465803
0.0046656
0.00467317
0.00468076
0.00468836
0.00469597
0.00470359
0.00471123
0.00471888
0.00472654
0.00473421
0.0047419
0.00474959
0.00475731
0.00476503
0.00477276
0.00478051
0.00478827
0.00479605
0.00480383
0.00481163
0.00481944
0.00482727
0.0048351
0.00484295
0.00485082
0.00485869
0.00486658
0.00487448
0.00488239
0.00489032
0.00489826
0.00490621
0.00491418
0.00492215
0.00493014
0.00493815
0.00494617
0.0049542
0.00496224
0.00497029
0.00497836
0.00498645
0.00499454
0.00500265
0.00501077
0.00501891
0.00502705
0.00503521
0.00504339
0.00505158
0.00505978
0.00506799
0.00507622
0.00508446
0.00509272
0.00510098
0.00510926
0.00511756
0.00512587
0.00513419
0.00514252
0.00515087
0.00515923
0.00516761
0.005176
0.0051844
0.00519282
0.00520125
0.00520969
0.00521815
0.00522662
0.00523511
0.00524361
0.00525212
0.00526065
0.00526919
0.00527774
0.00528631
0.00529489
0.00530349
0.0053121
0.00532072
0.00532936
0.00533801
0.00534668
0.00535536
0.00536405
0.00537276
0.00538148
0.00539022
0.00539897
0.00540773
0.00541651
0.00542531
0.00543412
0.00544294
0.00545177
0.00546062
0.00546949
0.00547837
0.00548726
0.00549617
0.00550509
0.00551403
0.00552298
0.00553195
0.00554093
0.00554993
0.00555894
0.00556796
0.005577
0.00558605
0.00559512
0.00560421
0.0056133
0.00562242
0.00563154
0.00564069
0.00564984
0.00565902
0.0056682
0.00567741
0.00568662
0.00569585
0.0057051
0.00571436
0.00572364
0.00573293
0.00574224
0.00575156
0.0057609
0.00577025
0.00577962
0.005789
0.0057984
0.00580781
0.00581724
0.00582669
0.00583615
0.00584562
0.00585511
0.00586462
0.00587414
0.00588367
0.00589323
0.00590279
0.00591238
0.00592197
0.00593159
0.00594122
0.00595086
0.00596052
0.0059702
0.00597989
0.0059896
0.00599933
0.00600907
0.00601882
0.00602859
0.00603838
0.00604818
0.006058
0.00606784
0.00607769
0.00608755
0.00609744
0.00610734
0.00611725
0.00612718
0.00613713
0.00614709
0.00615707
0.00616707
0.00617708
0.00618711
0.00619715
0.00620721
0.00621729
0.00622738
0.00623749
0.00624762
0.00625776
0.00626792
0.0062781
0.00628829
0.0062985
0.00630872
0.00631897
0.00632922
0.0063395
0.00634979
0.0063601
0.00637043
0.00638077
0.00639113
0.0064015
0.00641189
0.0064223
0.00643273
0.00644317
0.00645363
0.00646411
0.0064746
0.00648512
0.00649564
0.00650619
0.00651675
0.00652733
0.00653793
0.00654854
0.00655917
0.00656982
0.00658049
0.00659117
0.00660187
0.00661259
0.00662333
0.00663408
0.00664485
0.00665564
0.00666644
0.00667726
0.0066881
0.00669896
0.00670984
0.00672073
0.00673164
0.00674257
0.00675352
0.00676448
0.00677546
0.00678646
0.00679748
0.00680851
0.00681957
0.00683064
0.00684173
0.00685283
0.00686396
0.0068751
0.00688626
0.00689744
0.00690864
0.00691986
0.00693109
0.00694234
0.00695362
0.0069649
0.00697621
0.00698754
0.00699888
0.00701024
0.00702162
0.00703302
0.00704444
0.00705588
0.00706733
0.00707881
0.0070903
0.00710181
0.00711334
0.00712489
0.00713645
0.00714804
0.00715964
0.00717127
0.00718291
0.00719457
0.00720625
0.00721795
0.00722967
0.0072414
0.00725316
0.00726494
0.00727673
0.00728854
0.00730038
0.00731223
0.0073241
0.00733599
0.0073479
0.00735983
0.00737178
0.00738374
0.00739573
0.00740774
0.00741976
0.00743181
0.00744387
0.00745596
0.00746806
0.00748019
0.00749233
0.00750449
0.00751668
0.00752888
0.0075411
0.00755335
0.00756561
0.00757789
0.00759019
0.00760252
0.00761486
0.00762722
0.0076396
0.00765201
0.00766443
0.00767687
0.00768933
0.00770182
0.00771432
0.00772685
0.00773939
0.00775195
0.00776454
0.00777714
0.00778977
0.00780242
0.00781508
0.00782777
0.00784048
0.00785321
0.00786596
0.00787873
0.00789152
0.00790433
0.00791716
0.00793001
0.00794289
0.00795578
0.0079687
0.00798164
0.00799459
0.00800757
0.00802057
0.00803359
0.00804664
0.0080597
0.00807278
0.00808589
0.00809902
0.00811217
0.00812533
0.00813853
0.00815174
0.00816497
0.00817823
0.0081915
0.0082048
0.00821812
0.00823147
0.00824483
0.00825821
0.00827162
0.00828505
0.0082985
0.00831197
0.00832547
0.00833898
0.00835252
0.00836608
0.00837966
0.00839327
0.00840689
0.00842054
0.00843421
0.0084479
0.00846162
0.00847535
0.00848911
0.0085029
0.0085167
0.00853053
0.00854438
0.00855825
0.00857214
0.00858606
0.0086
0.00861396
0.00862794
0.00864195
0.00865598
0.00867003
0.00868411
0.00869821
0.00871233
0.00872647
0.00874064
0.00875483
0.00876904
0.00878328
0.00879754
0.00881182
0.00882612
0.00884045
0.00885481
0.00886918
0.00888358
0.008898
0.00891245
0.00892692
0.00894141
0.00895592
0.00897046
0.00898503
0.00899961
0.00901422
0.00902886
0.00904352
0.0090582
0.0090729
0.00908763
0.00910239
0.00911716
0.00913196
0.00914679
0.00916164
0.00917651
0.00919141
0.00920633
0.00922128
0.00923625
0.00925124
0.00926626
0.00928131
0.00929637
0.00931147
0.00932658
0.00934172
0.00935689
0.00937208
0.0093873
0.00940254
0.0094178
0.00943309
0.0094484
0.00946374
0.00947911
0.0094945
0.00950991
0.00952535
0.00954081
0.0095563
0.00957182
0.00958735
0.00960292
0.00961851
0.00963412
0.00964977
0.00966543
0.00968112
0.00969684
0.00971258
0.00972835
0.00974414
0.00975996
0.00977581
0.00979168
0.00980757
0.0098235
0.00983944
0.00985542
0.00987142
0.00988744
0.0099035
0.00991957
0.00993568
0.00995181
0.00996796
0.00998415
0.0100004
0.0100166
0.0100329
0.0100491
0.0100655
0.0100818
0.0100982
0.0101146
0.010131
0.0101474
0.0101639
0.0101804
0.0101969
0.0102135
0.0102301
0.0102467
0.0102633
0.01028
0.0102967
0.0103134
0.0103301
0.0103469
0.0103637
0.0103805
0.0103974
0.0104142
0.0104311
0.0104481
0.010465
0.010482
0.010499
0.0105161
0.0105332
0.0105503
0.0105674
0.0105846
0.0106017
0.0106189
0.0106362
0.0106535
0.0106707
0.0106881
0.0107054
0.0107228
0.0107402
0.0107576
0.0107751
0.0107926
0.0108101
0.0108277
0.0108453
0.0108629
0.0108805
0.0108982
0.0109159
0.0109336
0.0109513
0.0109691
0.0109869
0.0110047
0.0110226
0.0110405
0.0110584
0.0110764
0.0110944
0.0111124
0.0111304
0.0111485
0.0111666
0.0111847
0.0112029
0.0112211
0.0112393
0.0112575
0.0112758
0.0112941
0.0113124
0.0113308
0.0113492
0.0113676
0.0113861
0.0114046
0.0114231
0.0114416
0.0114602
0.0114788
0.0114974
0.0115161
0.0115348
0.0115535
0.0115723
0.0115911
0.0116099
0.0116287
0.0116476
0.0116665
0.0116855
0.0117044
0.0117234
0.0117425
0.0117615
0.0117806
0.0117998
0.0118189
0.0118381
0.0118573
0.0118766
0.0118958
0.0119152
0.0119345
0.0119539
0.0119733
0.0119927
0.0120122
0.0120317
0.0120512
0.0120708
0.0120904
0.01211
0.0121297
0.0121494
0.0121691
0.0121888
0.0122086
0.0122285
0.0122483
0.0122682
0.0122881
0.0123081
0.012328
0.0123481
0.0123681
0.0123882
0.0124083
0.0124284
0.0124486
0.0124688
0.0124891
0.0125093
0.0125296
0.01255
0.0125704
0.0125908
0.0126112
0.0126317
0.0126522
0.0126727
0.0126933
0.0127139
0.0127346
0.0127552
0.0127759
0.0127967
0.0128175
0.0128383
0.0128591
0.01288
0.0129009
0.0129218
0.0129428
0.0129638
0.0129849
0.013006
0.0130271
0.0130482
0.0130694
0.0130906
0.0131119
0.0131332
0.0131545
0.0131758
0.0131972
0.0132186
0.0132401
0.0132616
0.0132831
0.0133047
0.0133263
0.0133479
0.0133696
0.0133913
0.013413
0.0134348
0.0134566
0.0134785
0.0135004
0.0135223
0.0135442
0.0135662
0.0135882
0.0136103
0.0136324
0.0136545
0.0136767
0.0136989
0.0137211
0.0137434
0.0137657
0.0137881
0.0138105
0.0138329
0.0138553
0.0138778
0.0139004
0.0139229
0.0139455
0.0139682
0.0139908
0.0140136
0.0140363
0.0140591
0.0140819
0.0141048
0.0141277
0.0141506
0.0141736
0.0141966
0.0142196
0.0142427
0.0142659
0.014289
0.0143122
0.0143354
0.0143587
0.014382
0.0144054
0.0144288
0.0144522
0.0144757
0.0144992
0.0145227
0.0145463
0.0145699
0.0145935
0.0146172
0.014641
0.0146647
0.0146885
0.0147124
0.0147363
0.0147602
0.0147842
0.0148082
0.0148322
0.0148563
0.0148804
0.0149046
0.0149287
0.014953
0.0149773
0.0150016
0.0150259
0.0150503
0.0150748
0.0150992
0.0151237
0.0151483
0.0151729
0.0151975
0.0152222
0.0152469
0.0152717
0.0152965
0.0153213
0.0153462
0.0153711
0.015396
0.015421
0.0154461
0.0154711
0.0154962
0.0155214
0.0155466
0.0155718
0.0155971
0.0156224
0.0156478
0.0156732
0.0156987
0.0157241
0.0157497
0.0157752
0.0158008
0.0158265
0.0158522
0.0158779
0.0159037
0.0159295
0.0159554
0.0159813
0.0160072
0.0160332
0.0160592
0.0160853
0.0161114
0.0161376
0.0161638
0.01619
0.0162163
0.0162426
0.016269
0.0162954
0.0163219
0.0163484
0.0163749
0.0164015
0.0164281
0.0164548
0.0164815
0.0165083
0.0165351
0.0165619
0.0165888
0.0166157
0.0166427
0.0166697
0.0166968
0.0167239
0.016751
0.0167782
0.0168055
0.0168328
0.0168601
0.0168875
0.0169149
0.0169423
0.0169698
0.0169974
0.017025
0.0170526
0.0170803
0.017108
0.0171358
0.0171636
0.0171915
0.0172194
0.0172474
0.0172754
0.0173034
0.0173315
0.0173596
0.0173878
0.017416
0.0174443
0.0174726
0.017501
0.0175294
0.0175579
0.0175864
0.0176149
0.0176435
0.0176722
0.0177009
0.0177296
0.0177584
0.0177872
0.0178161
0.017845
0.017874
0.017903
0.0179321
0.0179612
0.0179903
0.0180195
0.0180488
0.0180781
0.0181074
0.0181368
0.0181663
0.0181958
0.0182253
0.0182549
0.0182845
0.0183142
0.018344
0.0183737
0.0184036
0.0184334
0.0184634
0.0184933
0.0185234
0.0185534
0.0185836
0.0186137
0.0186439
0.0186742
0.0187045
0.0187349
0.0187653
0.0187958
0.0188263
0.0188569
0.0188875
0.0189181
0.0189488
0.0189796
0.0190104
0.0190413
0.0190722
0.0191032
0.0191342
0.0191652
0.0191963
0.0192275
0.0192587
0.01929
0.0193213
0.0193527
0.0193841
0.0194156
0.0194471
0.0194787
0.0195103
0.019542
0.0195737
0.0196055
0.0196373
0.0196692
0.0197011
0.0197331
0.0197651
0.0197972
0.0198293
0.0198615
0.0198938
0.0199261
0.0199584
0.0199908
0.0200233
0.0200558
0.0200883
0.020121
0.0201536
0.0201863
0.0202191
0.0202519
0.0202848
0.0203178
0.0203507
0.0203838
0.0204169
0.02045
0.0204832
0.0205165
0.0205498
0.0205831
0.0206166
0.02065
0.0206835
0.0207171
0.0207508
0.0207844
0.0208182
0.020852
0.0208858
0.0209197
0.0209537
0.0209877
0.0210218
0.0210559
0.0210901
0.0211243
0.0211586
0.021193
0.0212274
0.0212619
0.0212964
0.021331
0.0213656
0.0214003
0.021435
0.0214698
0.0215047
0.0215396
0.0215745
0.0216096
0.0216447
0.0216798
0.021715
0.0217502
0.0217856
0.0218209
0.0218563
0.0218918
0.0219274
0.021963
0.0219986
0.0220343
0.0220701
0.0221059
0.0221418
0.0221778
0.0222138
0.0222498
0.022286
0.0223221
0.0223584
0.0223947
0.022431
0.0224674
0.0225039
0.0225405
0.0225771
0.0226137
0.0226504
0.0226872
0.022724
0.0227609
0.0227979
0.0228349
0.0228719
0.0229091
0.0229463
0.0229835
0.0230208
0.0230582
0.0230956
0.0231331
0.0231707
0.0232083
0.023246
0.0232837
0.0233215
0.0233594
0.0233973
0.0234353
0.0234733
0.0235114
0.0235496
0.0235878
0.0236261
0.0236645
0.0237029
0.0237414
0.0237799
0.0238185
0.0238572
0.0238959
0.0239347
0.0239736
0.0240125
0.0240515
0.0240905
0.0241297
0.0241688
0.0242081
0.0242474
0.0242867
0.0243262
0.0243657
0.0244052
0.0244448
0.0244845
0.0245243
0.0245641
0.024604
0.0246439
0.0246839
0.024724
0.0247641
0.0248043
0.0248446
0.0248849
0.0249253
0.0249658
0.0250063
0.0250469
0.0250876
0.0251283
0.0251691
0.02521
0.0252509
0.0252919
0.0253329
0.0253741
0.0254153
0.0254565
0.0254979
0.0255392
0.0255807
0.0256222
0.0256638
0.0257055
0.0257472
0.025789
0.0258309
0.0258728
0.0259148
0.0259569
0.025999
0.0260413
0.0260835
0.0261259
0.0261683
0.0262108
0.0262533
0.026296
0.0263386
0.0263814
0.0264242
0.0264671
0.0265101
0.0265531
0.0265962
0.0266394
0.0266827
0.026726
0.0267694
0.0268128
0.0268564
0.0269
0.0269436
0.0269874
0.0270312
0.0270751
0.027119
0.0271631
0.0272072
0.0272513
0.0272956
0.0273399
0.0273843
0.0274287
0.0274732
0.0275178
0.0275625
0.0276073
0.0276521
0.027697
0.0277419
0.027787
0.0278321
0.0278773
0.0279225
0.0279679
0.0280133
0.0280587
0.0281043
0.0281499
0.0281956
0.0282414
0.0282872
0.0283332
0.0283792
0.0284252
0.0284714
0.0285176
0.0285639
0.0286103
0.0286567
0.0287033
0.0287498
0.0287965
0.0288433
0.0288901
0.028937
0.028984
0.029031
0.0290782
0.0291254
0.0291727
0.02922
0.0292675
0.029315
0.0293626
0.0294102
0.029458
0.0295058
0.0295537
0.0296017
0.0296497
0.0296979
0.0297461
0.0297944
0.0298427
0.0298912
0.0299397
0.0299883
0.030037
0.0300858
0.0301346
0.0301835
0.0302325
0.0302816
0.0303308
0.03038
0.0304293
0.0304787
0.0305282
0.0305778
0.0306274
0.0306771
0.030727
0.0307768
0.0308268
0.0308768
0.030927
0.0309772
0.0310275
0.0310778
0.0311283
0.0311788
0.0312295
0.0312802
0.0313309
0.0313818
0.0314327
0.0314838
0.0315349
0.0315861
0.0316374
0.0316887
0.0317402
0.0317917
0.0318433
0.031895
0.0319468
0.0319986
0.0320506
0.0321026
0.0321547
0.0322069
0.0322592
0.0323116
0.0323641
0.0324166
0.0324692
0.0325219
0.0325747
0.0326276
0.0326806
0.0327336
0.0327868
0.03284
0.0328933
0.0329467
0.0330002
0.0330538
0.0331075
0.0331612
0.033215
0.033269
0.033323
0.0333771
0.0334313
0.0334855
0.0335399
0.0335943
0.0336489
0.0337035
0.0337582
0.033813
0.0338679
0.0339229
0.033978
0.0340331
0.0340884
0.0341437
0.0341992
0.0342547
0.0343103
0.034366
0.0344218
0.0344777
0.0345336
0.0345897
0.0346459
0.0347021
0.0347584
0.0348149
0.0348714
0.034928
0.0349847
0.0350415
0.0350984
0.0351554
0.0352125
0.0352696
0.0353269
0.0353842
0.0354417
0.0354992
0.0355568
0.0356146
0.0356724
0.0357303
0.0357883
0.0358464
0.0359046
0.0359629
0.0360213
0.0360798
0.0361383
0.036197
0.0362558
0.0363146
0.0363736
0.0364326
0.0364918
0.036551
0.0366104
0.0366698
0.0367293
0.036789
0.0368487
0.0369085
0.0369684
0.0370284
0.0370885
0.0371488
0.0372091
0.0372695
0.03733
0.0373906
0.0374513
0.0375121
0.037573
0.037634
0.0376951
0.0377563
0.0378176
0.037879
0.0379405
0.0380021
0.0380638
0.0381255
0.0381874
0.0382494
0.0383115
0.0383737
0.038436
0.0384984
0.0385609
0.0386235
0.0386862
0.038749
0.0388119
0.038875
0.0389381
0.0390013
0.0390646
0.039128
0.0391915
0.0392552
0.0393189
0.0393827
0.0394467
0.0395107
0.0395748
0.0396391
0.0397034
0.0397679
0.0398325
0.0398971
0.0399619
0.0400268
0.0400918
0.0401568
0.040222
0.0402873
0.0403527
0.0404183
0.0404839
0.0405496
0.0406154
0.0406814
0.0407474
0.0408136
0.0408798
0.0409462
0.0410127
0.0410792
0.0411459
0.0412127
0.0412796
0.0413467
0.0414138
0.041481
0.0415484
0.0416158
0.0416834
0.041751
0.0418188
0.0418867
0.0419547
0.0420228
0.042091
0.0421594
0.0422278
0.0422964
0.042365
0.0424338
0.0425027
0.0425717
0.0426408
0.04271
0.0427794
0.0428488
0.0429184
0.0429881
0.0430579
0.0431278
0.0431978
0.0432679
0.0433382
0.0434085
0.043479
0.0435496
0.0436203
0.0436911
0.043762
0.0438331
0.0439042
0.0439755
0.0440469
0.0441184
0.04419
0.0442618
0.0443336
0.0444056
0.0444777
0.0445499
0.0446222
0.0446947
0.0447672
0.0448399
0.0449127
0.0449856
0.0450586
0.0451318
0.0452051
0.0452785
0.045352
0.0454256
0.0454993
0.0455732
0.0456472
0.0457213
0.0457955
0.0458699
0.0459443
0.0460189
0.0460936
0.0461685
0.0462434
0.0463185
0.0463937
0.046469
0.0465444
0.04662
0.0466957
0.0467715
0.0468474
0.0469235
0.0469997
0.047076
0.0471524
0.0472289
0.0473056
0.0473824
0.0474593
0.0475364
0.0476136
0.0476909
0.0477683
0.0478458
0.0479235
0.0480013
0.0480792
0.0481573
0.0482355
0.0483138
0.0483922
0.0484708
0.0485495
0.0486283
0.0487072
0.0487863
0.0488655
0.0489448
0.0490243
0.0491039
0.0491836
0.0492634
0.0493434
0.0494235
0.0495038
0.0495841
0.0496646
0.0497453
0.049826
0.0499069
0.0499879
0.0500691
0.0501504
0.0502318
0.0503133
0.050395
0.0504768
0.0505588
0.0506409
0.0507231
0.0508054
0.0508879
0.0509705
0.0510533
0.0511361
0.0512192
0.0513023
0.0513856
0.051469
0.0515526
0.0516363
0.0517201
0.0518041
0.0518882
0.0519724
0.0520568
0.0521413
0.0522259
0.0523107
0.0523957
0.0524807
0.0525659
0.0526513
0.0527367
0.0528223
0.0529081
0.052994
0.05308
0.0531662
0.0532525
0.053339
0.0534256
0.0535123
0.0535992
0.0536862
0.0537733
0.0538606
0.0539481
0.0540357
0.0541234
0.0542113
0.0542993
0.0543874
0.0544757
0.0545642
0.0546527
0.0547415
0.0548303
0.0549193
0.0550085
0.0550978
0.0551873
0.0552769
0.0553666
0.0554565
0.0555465
0.0556367
0.055727
0.0558175
0.0559081
0.0559989
0.0560898
0.0561808
0.056272
0.0563634
0.0564549
0.0565465
0.0566383
0.0567303
0.0568224
0.0569146
0.057007
0.0570996
0.0571923
0.0572851
0.0573781
0.0574713
0.0575646
0.057658
0.0577517
0.0578454
0.0579393
0.0580334
0.0581276
0.058222
0.0583165
0.0584112
0.058506
0.058601
0.0586961
0.0587914
0.0588868
0.0589824
0.0590782
0.0591741
0.0592702
0.0593664
0.0594628
0.0595593
0.059656
0.0597528
0.0598499
0.059947
0.0600443
0.0601418
0.0602395
0.0603373
0.0604352
0.0605333
0.0606316
0.06073
0.0608286
0.0609274
0.0610263
0.0611254
0.0612246
0.061324
0.0614235
0.0615233
0.0616231
0.0617232
0.0618234
0.0619238
0.0620243
0.062125
0.0622258
0.0623269
0.062428
0.0625294
0.0626309
0.0627326
0.0628344
0.0629364
0.0630386
0.0631409
0.0632435
0.0633461
0.063449
0.063552
0.0636551
0.0637585
0.063862
0.0639657
0.0640695
0.0641735
0.0642777
0.0643821
0.0644866
0.0645913
0.0646961
0.0648012
0.0649064
0.0650117
0.0651173
0.065223
0.0653289
0.065435
0.0655412
0.0656476
0.0657542
0.0658609
0.0659678
0.0660749
0.0661822
0.0662896
0.0663973
0.0665051
0.066613
0.0667212
0.0668295
0.066938
0.0670466
0.0671555
0.0672645
0.0673737
0.0674831
0.0675927
0.0677024
0.0678123
0.0679224
0.0680327
0.0681431
0.0682537
0.0683645
0.0684755
0.0685867
0.068698
0.0688096
0.0689213
0.0690332
0.0691452
0.0692575
0.0693699
0.0694826
0.0695954
0.0697083
0.0698215
0.0699349
0.0700484
0.0701621
0.070276
0.0703901
0.0705044
0.0706188
0.0707335
0.0708483
0.0709633
0.0710786
0.0711939
0.0713095
0.0714253
0.0715412
0.0716574
0.0717737
0.0718902
0.072007
0.0721239
0.0722409
0.0723582
0.0724757
0.0725934
0.0727112
0.0728293
0.0729475
0.0730659
0.0731845
0.0733033
0.0734223
0.0735415
0.0736609
0.0737805
0.0739003
0.0740203
0.0741404
0.0742608
0.0743814
0.0745021
0.0746231
0.0747442
0.0748656
0.0749871
0.0751088
0.0752308
0.0753529
0.0754752
0.0755978
0.0757205
0.0758434
0.0759666
0.0760899
0.0762134
0.0763371
0.0764611
0.0765852
0.0767095
0.0768341
0.0769588
0.0770838
0.0772089
0.0773342
0.0774598
0.0775855
0.0777115
0.0778377
0.077964
0.0780906
0.0782174
0.0783444
0.0784715
0.0785989
0.0787265
0.0788543
0.0789824
0.0791106
0.079239
0.0793677
0.0794965
0.0796256
0.0797548
0.0798843
0.080014
0.0801439
0.080274
0.0804043
0.0805349
0.0806656
0.0807966
0.0809277
0.0810591
0.0811907
0.0813225
0.0814546
0.0815868
0.0817192
0.0818519
0.0819848
0.0821179
0.0822512
0.0823847
0.0825185
0.0826524
0.0827866
0.082921
0.0830557
0.0831905
0.0833255
0.0834608
0.0835963
0.083732
0.083868
0.0840041
0.0841405
0.0842771
0.0844139
0.084551
0.0846882
0.0848257
0.0849634
0.0851014
0.0852395
0.0853779
0.0855165
0.0856553
0.0857944
0.0859337
0.0860732
0.0862129
0.0863529
0.0864931
0.0866335
0.0867741
0.086915
0.0870561
0.0871974
0.087339
0.0874808
0.0876228
0.0877651
0.0879076
0.0880503
0.0881932
0.0883364
0.0884798
0.0886234
0.0887673
0.0889114
0.0890558
0.0892003
0.0893452
0.0894902
0.0896355
0.089781
0.0899268
0.0900728
0.090219
0.0903655
0.0905122
0.0906591
0.0908063
0.0909537
0.0911014
0.0912493
0.0913974
0.0915458
0.0916944
0.0918433
0.0919924
0.0921417
0.0922913
0.0924411
0.0925912
0.0927415
0.0928921
0.0930429
0.0931939
0.0933452
0.0934968
0.0936486
0.0938006
0.0939529
0.0941054
0.0942582
0.0944112
0.0945645
0.094718
0.0948718
0.0950258
0.0951801
0.0953346
0.0954894
0.0956444
0.0957996
0.0959552
0.096111
0.096267
0.0964233
0.0965798
0.0967366
0.0968937
0.097051
0.0972085
0.0973663
0.0975244
0.0976827
0.0978413
0.0980001
0.0981592
0.0983186
0.0984782
0.0986381
0.0987982
0.0989586
0.0991193
0.0992802
0.0994414
0.0996028
0.0997645
0.0999265
0.100089
0.100251
0.100414
0.100577
0.10074
0.100904
0.101068
0.101232
0.101396
0.101561
0.101726
0.101891
0.102056
0.102222
0.102388
0.102554
0.10272
0.102887
0.103054
0.103222
0.103389
0.103557
0.103725
0.103893
0.104062
0.104231
0.1044
0.10457
0.10474
0.10491
0.10508
0.10525
0.105421
0.105592
0.105764
0.105936
0.106108
0.10628
0.106452
0.106625
0.106798
0.106972
0.107145
0.107319
0.107494
0.107668
0.107843
0.108018
0.108193
0.108369
0.108545
0.108721
0.108898
0.109074
0.109251
0.109429
0.109606
0.109784
0.109963
0.110141
0.11032
0.110499
0.110678
0.110858
0.111038
0.111218
0.111399
0.11158
0.111761
0.111942
0.112124
0.112306
0.112488
0.112671
0.112854
0.113037
0.113221
0.113405
0.113589
0.113773
0.113958
0.114143
0.114328
0.114514
0.1147
0.114886
0.115072
0.115259
0.115446
0.115634
0.115821
0.116009
0.116198
0.116386
0.116575
0.116765
0.116954
0.117144
0.117334
0.117525
0.117715
0.117907
0.118098
0.11829
0.118482
0.118674
0.118867
0.11906
0.119253
0.119447
0.119641
0.119835
0.120029
0.120224
0.120419
0.120615
0.120811
0.121007
0.121203
0.1214
0.121597
0.121795
0.121992
0.12219
0.122389
0.122587
0.122786
0.122986
0.123185
0.123385
0.123586
0.123786
0.123987
0.124189
0.12439
0.124592
0.124794
0.124997
0.1252
0.125403
0.125607
0.125811
0.126015
0.12622
0.126424
0.12663
0.126835
0.127041
0.127247
0.127454
0.127661
0.127868
0.128076
0.128284
0.128492
0.128701
0.128909
0.129119
0.129328
0.129538
0.129749
0.129959
0.13017
0.130382
0.130593
0.130805
0.131018
0.13123
0.131443
0.131657
0.13187
0.132085
0.132299
0.132514
0.132729
0.132944
0.13316
0.133376
0.133593
0.13381
0.134027
0.134245
0.134463
0.134681
0.1349
0.135119
0.135338
0.135558
0.135778
0.135998
0.136219
0.13644
0.136662
0.136883
0.137106
0.137328
0.137551
0.137774
0.137998
0.138222
0.138447
0.138671
0.138896
0.139122
0.139348
0.139574
0.139801
0.140028
0.140255
0.140483
0.140711
0.140939
0.141168
0.141397
0.141627
0.141857
0.142087
0.142318
0.142549
0.14278
0.143012
0.143244
0.143477
0.143709
0.143943
0.144176
0.144411
0.144645
0.14488
0.145115
0.145351
0.145587
0.145823
0.14606
0.146297
0.146534
0.146772
0.14701
0.147249
0.147488
0.147728
0.147967
0.148208
0.148448
0.148689
0.148931
0.149172
0.149415
0.149657
0.1499
0.150143
0.150387
0.150631
0.150876
0.151121
0.151366
0.151612
0.151858
0.152105
0.152352
0.152599
0.152847
0.153095
0.153343
0.153592
0.153842
0.154091
0.154341
0.154592
0.154843
0.155094
0.155346
0.155598
0.155851
0.156104
0.156357
0.156611
0.156866
0.15712
0.157375
0.157631
0.157887
0.158143
0.1584
0.158657
0.158914
0.159172
0.159431
0.15969
0.159949
0.160209
0.160469
0.160729
0.16099
0.161252
0.161513
0.161776
0.162038
0.162301
0.162565
0.162829
0.163093
0.163358
0.163623
0.163889
0.164155
0.164421
0.164688
0.164955
0.165223
0.165491
0.16576
0.166029
0.166299
0.166569
0.166839
0.16711
0.167381
0.167653
0.167925
0.168198
0.168471
0.168744
0.169018
0.169293
0.169568
0.169843
0.170119
0.170395
0.170671
0.170948
0.171226
0.171504
0.171782
0.172061
0.172341
0.17262
0.172901
0.173181
0.173463
0.173744
0.174026
0.174309
0.174592
0.174875
0.175159
0.175443
0.175728
0.176014
0.176299
0.176585
0.176872
0.177159
0.177447
0.177735
0.178024
0.178313
0.178602
0.178892
0.179182
0.179473
0.179765
0.180057
0.180349
0.180642
0.180935
0.181229
0.181523
0.181818
0.182113
0.182408
0.182704
0.183001
0.183298
0.183596
0.183894
0.184192
0.184491
0.184791
0.185091
0.185391
0.185692
0.185994
0.186296
0.186598
0.186901
0.187205
0.187509
0.187813
0.188118
0.188423
0.188729
0.189036
0.189342
0.18965
0.189958
0.190266
0.190575
0.190884
0.191194
0.191505
0.191816
0.192127
0.192439
0.192751
0.193064
0.193378
0.193692
0.194006
0.194321
0.194636
0.194952
0.195269
0.195586
0.195903
0.196221
0.19654
0.196859
0.197179
0.197499
0.197819
0.198141
0.198462
0.198784
0.199107
0.19943
0.199754
0.200078
0.200403
0.200729
0.201055
0.201381
0.201708
0.202035
0.202363
0.202692
0.203021
0.203351
0.203681
0.204011
0.204343
0.204674
0.205007
0.205339
0.205673
0.206007
0.206341
0.206676
0.207012
0.207348
0.207684
0.208021
0.208359
0.208697
0.209036
0.209376
0.209715
0.210056
0.210397
0.210739
0.211081
0.211423
0.211767
0.21211
0.212455
0.2128
0.213145
0.213491
0.213838
0.214185
0.214533
0.214881
0.21523
0.215579
0.215929
0.21628
0.216631
0.216982
0.217335
0.217688
0.218041
0.218395
0.21875
0.219105
0.21946
0.219817
0.220174
0.220531
0.220889
0.221248
0.221607
0.221967
0.222327
0.222688
0.223049
0.223411
0.223774
0.224137
0.224501
0.224866
0.225231
0.225596
0.225963
0.22633
0.226697
0.227065
0.227434
0.227803
0.228173
0.228543
0.228914
0.229286
0.229658
0.230031
0.230404
0.230778
0.231153
0.231528
0.231904
0.232281
0.232658
0.233035
0.233414
0.233793
0.234172
0.234552
0.234933
0.235315
0.235697
0.236079
0.236463
0.236846
0.237231
0.237616
0.238002
0.238388
0.238775
0.239163
0.239551
0.23994
0.24033
0.24072
0.241111
0.241502
0.241894
0.242287
0.24268
0.243074
0.243469
0.243864
0.24426
0.244656
0.245054
0.245451
0.24585
0.246249
0.246649
0.247049
0.24745
0.247852
0.248254
0.248657
0.249061
0.249465
0.24987
0.250276
0.250682
0.251089
0.251497
0.251905
0.252314
0.252724
0.253134
0.253545
0.253957
0.254369
0.254782
0.255196
0.25561
0.256025
0.256441
0.256857
0.257274
0.257692
0.25811
0.258529
0.258949
0.259369
0.25979
0.260212
0.260634
0.261057
0.261481
0.261906
0.262331
0.262757
0.263183
0.263611
0.264039
0.264467
0.264897
0.265327
0.265757
0.266189
0.266621
0.267054
0.267487
0.267922
0.268357
0.268792
0.269229
0.269666
0.270104
0.270542
0.270981
0.271421
0.271862
0.272303
0.272745
0.273188
0.273632
0.274076
0.274521
0.274966
0.275413
0.27586
0.276308
0.276756
0.277206
0.277656
0.278106
0.278558
0.27901
0.279463
0.279917
0.280371
0.280826
0.281282
0.281739
0.282196
0.282654
0.283113
0.283573
0.284033
0.284494
0.284956
0.285419
0.285882
0.286346
0.286811
0.287277
0.287743
0.28821
0.288678
0.289147
0.289616
0.290087
0.290558
0.291029
0.291502
0.291975
0.292449
0.292924
0.293399
0.293876
0.294353
0.294831
0.295309
0.295789
0.296269
0.29675
0.297232
0.297714
0.298197
0.298682
0.299166
0.299652
0.300139
0.300626
0.301114
0.301603
0.302092
0.302583
0.303074
0.303566
0.304059
0.304553
0.305047
0.305542
0.306038
0.306535
0.307033
0.307531
0.30803
0.30853
0.309031
0.309533
0.310036
0.310539
0.311043
0.311548
0.312054
0.31256
0.313068
0.313576
0.314085
0.314595
0.315106
0.315617
0.31613
0.316643
0.317157
0.317672
0.318188
0.318704
0.319222
0.31974
0.320259
0.320779
0.3213
0.321821
0.322344
0.322867
0.323391
0.323916
0.324442
0.324969
0.325496
0.326025
0.326554
0.327084
0.327615
0.328147
0.32868
0.329213
0.329748
0.330283
0.330819
0.331356
0.331894
0.332433
0.332973
0.333513
0.334055
0.334597
0.33514
0.335685
0.336229
0.336775
0.337322
0.33787
0.338418
0.338968
0.339518
0.340069
0.340621
0.341174
0.341728
0.342283
0.342839
0.343395
0.343953
0.344511
0.34507
0.345631
0.346192
0.346754
0.347317
0.34788
0.348445
0.349011
0.349577
0.350145
0.350713
0.351283
0.351853
0.352424
0.352996
0.35357
0.354144
0.354718
0.355294
0.355871
0.356449
0.357028
0.357607
0.358188
0.358769
0.359352
0.359935
0.360519
0.361105
0.361691
0.362278
0.362866
0.363455
0.364045
0.364636
0.365228
0.365821
0.366415
0.36701
0.367606
0.368203
0.3688
0.369399
0.369999
0.3706
0.371201
0.371804
0.372407
0.373012
0.373618
0.374224
0.374832
0.37544
0.37605
0.37666
0.377272
0.377884
0.378498
0.379112
0.379728
0.380344
0.380962
0.38158
0.3822
0.38282
0.383442
0.384064
0.384688
0.385312
0.385938
0.386564
0.387192
0.38782
0.38845
0.389081
0.389712
0.390345
0.390979
0.391613
0.392249
0.392886
0.393524
0.394163
0.394802
0.395443
0.396085
0.396728
0.397373
0.398018
0.398664
0.399311
0.399959
0.400609
0.401259
0.40191
0.402563
0.403216
0.403871
0.404527
0.405183
0.405841
0.4065
0.40716
0.407821
0.408483
0.409146
0.40981
0.410476
0.411142
0.41181
0.412478
0.413148
0.413819
0.41449
0.415163
0.415837
0.416512
0.417189
0.417866
0.418544
0.419224
0.419904
0.420586
0.421269
0.421953
0.422638
0.423324
0.424011
0.424699
0.425389
0.42608
0.426771
0.427464
0.428158
0.428853
0.429549
0.430247
0.430945
0.431645
0.432346
0.433048
0.433751
0.434455
0.43516
0.435867
0.436574
0.437283
0.437993
0.438704
0.439416
0.440129
0.440844
0.44156
0.442277
0.442995
0.443714
0.444434
0.445156
0.445878
0.446602
0.447327
0.448053
0.448781
0.449509
0.450239
0.45097
0.451702
0.452436
0.45317
0.453906
0.454643
0.455381
0.45612
0.45686
0.457602
0.458345
0.459089
0.459834
0.460581
0.461329
0.462078
0.462828
0.463579
0.464332
0.465086
0.465841
0.466597
0.467354
0.468113
0.468873
0.469634
0.470397
0.47116
0.471925
0.472691
0.473459
0.474228
0.474997
0.475769
0.476541
0.477315
0.478089
0.478866
0.479643
0.480422
0.481202
0.481983
0.482765
0.483549
0.484334
0.48512
0.485908
0.486697
0.487487
0.488278
0.489071
0.489865
0.49066
0.491457
0.492255
0.493054
0.493854
0.494656
0.495459
0.496264
0.497069
0.497876
0.498684
0.499494
0.500305
0.501117
0.501931
0.502746
0.503562
0.504379
0.505198
0.506018
0.50684
0.507663
0.508487
0.509312
0.510139
0.510967
0.511797
0.512628
0.51346
0.514294
0.515128
0.515965
0.516802
0.517641
0.518482
0.519323
0.520167
0.521011
0.521857
0.522704
0.523553
0.524403
0.525254
0.526107
0.526961
0.527816
0.528673
0.529531
0.530391
0.531252
0.532115
0.532979
0.533844
0.53471
0.535579
0.536448
0.537319
0.538191
0.539065
0.53994
0.540817
0.541695
0.542574
0.543455
0.544337
0.545221
0.546106
0.546993
0.547881
0.54877
0.549661
0.550553
0.551447
0.552342
0.553239
0.554137
0.555037
0.555938
0.556841
0.557745
0.55865
0.559557
0.560465
0.561375
0.562287
0.563199
0.564114
0.56503
0.565947
0.566866
0.567786
0.568708
0.569631
0.570556
0.571482
0.57241
0.573339
0.57427
0.575202
0.576136
0.577071
0.578008
0.578947
0.579886
0.580828
0.581771
0.582715
0.583661
0.584609
0.585558
0.586509
0.587461
0.588414
0.58937
0.590327
0.591285
0.592245
0.593206
0.594169
0.595134
0.5961
0.597068
0.598037
0.599008
0.599981
0.600955
0.60193
0.602907
0.603886
0.604867
0.605849
0.606832
0.607817
0.608804
0.609792
0.610782
0.611774
0.612767
0.613762
0.614758
0.615756
0.616756
0.617757
0.61876
0.619765
0.620771
0.621779
0.622788
0.623799
0.624812
0.625826
0.626842
0.62786
0.628879
0.6299
0.630923
0.631947
0.632973
0.634001
0.63503
0.636061
0.637093
0.638128
0.639164
0.640201
0.641241
0.642282
0.643324
0.644369
0.645415
0.646463
0.647512
0.648563
0.649616
0.650671
0.651727
0.652785
0.653845
0.654907
0.65597
0.657035
0.658101
0.65917
0.66024
0.661312
0.662385
0.663461
0.664538
0.665617
0.666697
0.66778
0.668864
0.66995
0.671037
0.672127
0.673218
0.674311
0.675406
0.676502
0.6776
0.6787
0.679802
0.680906
0.682011
0.683118
0.684227
0.685338
0.686451
0.687565
0.688682
0.6898
0.690919
0.692041
0.693165
0.69429
0.695417
0.696546
0.697677
0.69881
0.699944
0.70108
0.702219
0.703359
0.7045
0.705644
0.70679
0.707937
0.709086
0.710238
0.711391
0.712546
0.713702
0.714861
0.716022
0.717184
0.718348
0.719515
0.720683
0.721853
0.723025
0.724198
0.725374
0.726552
0.727731
0.728913
0.730096
0.731281
0.732468
0.733658
0.734849
0.736042
0.737237
0.738433
0.739632
0.740833
0.742036
0.74324
0.744447
0.745656
0.746866
0.748079
0.749293
0.75051
0.751728
0.752948
0.754171
0.755395
0.756621
0.75785
0.75908
0.760312
0.761547
0.762783
0.764021
0.765262
0.766504
0.767749
0.768995
0.770243
0.771494
0.772746
0.774001
0.775257
0.776516
0.777777
0.779039
0.780304
0.781571
0.78284
0.784111
0.785384
0.786659
0.787936
0.789215
0.790496
0.791779
0.793065
0.794352
0.795642
0.796934
0.798227
0.799523
0.800821
0.802121
0.803424
0.804728
0.806034
0.807343
0.808654
0.809966
0.811281
0.812598
0.813918
0.815239
0.816563
0.817888
0.819216
0.820546
0.821878
0.823212
0.824549
0.825887
0.827228
0.828571
0.829916
0.831264
0.832613
0.833965
0.835319
0.836675
0.838033
0.839394
0.840756
0.842121
0.843488
0.844858
0.846229
0.847603
0.848979
0.850358
0.851738
0.853121
0.854506
0.855893
0.857283
0.858674
0.860068
0.861465
0.862863
0.864264
0.865667
0.867073
0.86848
0.86989
0.871302
0.872717
0.874134
0.875553
0.876974
0.878398
0.879824
0.881252
0.882683
0.884116
0.885551
0.886989
0.888429
0.889871
0.891316
0.892763
0.894212
0.895664
0.897118
0.898575
0.900033
0.901494
0.902958
0.904424
0.905892
0.907363
0.908836
0.910311
0.911789
0.91327
0.914752
0.916237
0.917725
0.919215
0.920707
0.922202
0.923699
0.925198
0.9267
0.928205
0.929712
0.931221
0.932733
0.934247
0.935764
0.937283
0.938805
0.940329
0.941855
0.943384
0.944916
0.94645
0.947986
0.949525
0.951067
0.952611
0.954158
0.955707
0.957258
0.958812
0.960369
0.961928
0.963489
0.965054
0.96662
0.96819
0.969761
0.971336
0.972913
0.974492
0.976074
0.977659
0.979246
0.980836
0.982428
0.984023
0.985621
0.987221
0.988823
0.990429
0.992037
0.993647
0.99526
0.996876
0.998494
1.00012
1.00174
1.00337
1.00499
1.00663
1.00826
1.0099
1.01154
1.01318
1.01482
1.01647
1.01812
1.01977
1.02143
1.02309
1.02475
1.02641
1.02808
1.02975
1.03142
1.03309
1.03477
1.03645
1.03813
1.03982
1.04151
1.0432
1.04489
1.04659
1.04829
1.04999
1.05169
1.0534
1.05511
1.05682
1.05854
1.06026
1.06198
1.0637
1.06543
1.06716
1.06889
1.07063
1.07237
1.07411
1.07585
1.0776
1.07935
1.0811
1.08285
1.08461
1.08637
1.08814
1.0899
1.09167
1.09344
1.09522
1.097
1.09878
1.10056
1.10235
1.10414
1.10593
1.10773
1.10953
1.11133
1.11313
1.11494
1.11675
1.11856
1.12038
1.1222
1.12402
1.12584
1.12767
1.1295
1.13133
1.13317
1.13501
1.13685
1.1387
1.14055
1.1424
1.14425
1.14611
1.14797
1.14984
1.1517
1.15357
1.15545
1.15732
1.1592
1.16108
1.16297
1.16485
1.16675
1.16864
1.17054
1.17244
1.17434
1.17625
1.17816
1.18007
1.18199
1.1839
1.18583
1.18775
1.18968
1.19161
1.19355
1.19548
1.19742
1.19937
1.20132
1.20327
1.20522
1.20718
1.20914
1.2111
1.21306
1.21503
1.21701
1.21898
1.22096
1.22294
1.22493
1.22692
1.22891
1.2309
1.2329
1.2349
1.23691
1.23892
1.24093
1.24294
1.24496
1.24698
1.24901
1.25103
1.25307
1.2551
1.25714
1.25918
1.26122
1.26327
1.26532
1.26737
1.26943
1.27149
1.27356
1.27562
1.2777
1.27977
1.28185
1.28393
1.28601
1.2881
1.29019
1.29229
1.29438
1.29649
1.29859
1.3007
1.30281
1.30493
1.30704
1.30917
1.31129
1.31342
1.31555
1.31769
1.31983
1.32197
1.32412
1.32627
1.32842
1.33058
1.33274
1.3349
1.33707
1.33924
1.34141
1.34359
1.34577
1.34796
1.35014
1.35234
1.35453
1.35673
1.35893
1.36114
1.36335
1.36556
1.36778
1.37
1.37222
1.37445
1.37668
1.37892
1.38116
1.3834
1.38564
1.38789
1.39015
1.3924
1.39466
1.39693
1.3992
1.40147
1.40374
1.40602
1.4083
1.41059
1.41288
1.41517
1.41747
1.41977
1.42208
1.42439
1.4267
1.42902
1.43134
1.43366
1.43599
1.43832
1.44065
1.44299
1.44533
1.44768
1.45003
1.45239
1.45474
1.4571
1.45947
1.46184
1.46421
1.46659
1.46897
1.47136
1.47374
1.47614
1.47853
1.48093
1.48334
1.48575
1.48816
1.49057
1.49299
1.49542
1.49785
1.50028
1.50271
1.50515
1.5076
1.51004
1.5125
1.51495
1.51741
1.51987
1.52234
1.52481
1.52729
1.52977
1.53225
1.53474
1.53723
1.53973
1.54223
1.54473
1.54724
1.54975
1.55226
1.55478
1.55731
1.55984
1.56237
1.56491
1.56745
1.56999
1.57254
1.57509
1.57765
1.58021
1.58278
1.58535
1.58792
1.5905
1.59308
1.59567
1.59826
1.60085
1.60345
1.60605
1.60866
1.61127
1.61389
1.61651
1.61913
1.62176
1.62439
1.62703
1.62967
1.63232
1.63497
1.63762
1.64028
1.64294
1.64561
1.64828
1.65096
1.65364
1.65632
1.65901
1.66171
1.6644
1.66711
1.66981
1.67252
1.67524
1.67796
1.68068
1.68341
1.68614
1.68888
1.69162
1.69437
1.69712
1.69987
1.70263
1.7054
1.70817
1.71094
1.71372
1.7165
1.71929
1.72208
1.72487
1.72767
1.73048
1.73329
1.7361
1.73892
1.74174
1.74457
1.7474
1.75024
1.75308
1.75593
1.75878
1.76163
1.76449
1.76736
1.77023
1.7731
1.77598
1.77886
1.78175
1.78464
1.78754
1.79044
1.79335
1.79626
1.79918
1.8021
1.80502
1.80795
1.81089
1.81383
1.81677
1.81972
1.82268
1.82564
1.8286
1.83157
1.83454
1.83752
1.8405
1.84349
1.84648
1.84948
1.85248
1.85549
1.8585
1.86152
1.86454
1.86757
1.8706
1.87364
1.87668
1.87973
1.88278
1.88584
1.8889
1.89196
1.89504
1.89811
1.90119
1.90428
1.90737
1.91047
1.91357
1.91668
1.91979
1.92291
1.92603
1.92915
1.93229
1.93542
1.93856
1.94171
1.94486
1.94802
1.95118
1.95435
1.95752
1.9607
1.96389
1.96707
1.97027
1.97347
1.97667
1.97988
1.98309
1.98631
1.98954
1.99277
1.996
1.99924
2.00249
2.00574
2.009
2.01226
2.01552
2.0188
2.02207
2.02536
2.02864
2.03194
2.03524
2.03854
2.04185
2.04516
2.04849
2.05181
2.05514
2.05848
2.06182
2.06517
2.06852
2.07188
2.07524
2.07861
2.08199
2.08537
2.08875
2.09214
2.09554
2.09894
2.10235
2.10576
2.10918
2.1126
2.11603
2.11947
2.12291
2.12636
2.12981
2.13327
2.13673
2.1402
2.14367
2.14715
2.15064
2.15413
2.15763
2.16113
2.16464
2.16815
2.17167
2.1752
2.17873
2.18227
2.18581
2.18936
2.19291
2.19647
2.20004
2.20361
2.20719
2.21077
2.21436
2.21795
2.22156
2.22516
2.22877
2.23239
2.23602
2.23965
2.24328
2.24692
2.25057
2.25423
2.25789
2.26155
2.26522
2.2689
2.27258
2.27627
2.27997
2.28367
2.28738
2.29109
2.29481
2.29854
2.30227
2.30601
2.30975
2.3135
2.31725
2.32102
2.32478
2.32856
2.33234
2.33613
2.33992
2.34372
2.34752
2.35133
2.35515
2.35897
2.3628
2.36664
2.37048
2.37433
2.37818
2.38205
2.38591
2.38979
2.39367
2.39755
2.40144
2.40534
2.40925
2.41316
2.41708
2.421
2.42493
2.42887
2.43281
2.43676
2.44072
2.44468
2.44865
2.45262
2.4566
2.46059
2.46459
2.46859
2.4726
2.47661
2.48063
2.48466
2.48869
2.49273
2.49678
2.50083
2.50489
2.50896
2.51303
2.51711
2.5212
2.52529
2.52939
2.5335
2.53761
2.54173
2.54586
2.54999
2.55413
2.55828
2.56243
2.56659
2.57076
2.57493
2.57911
2.5833
2.58749
2.59169
2.5959
2.60011
2.60433
2.60856
2.6128
2.61704
2.62129
2.62554
2.62981
2.63407
2.63835
2.64263
2.64692
2.65122
2.65553
2.65984
2.66415
2.66848
2.67281
2.67715
2.6815
2.68585
2.69021
2.69458
2.69895
2.70333
2.70772
2.71212
2.71652
2.72093
2.72535
2.72977
2.73421
2.73864
2.74309
2.74754
2.752
2.75647
2.76095
2.76543
2.76992
2.77442
2.77892
2.78343
2.78795
2.79248
2.79701
2.80155
2.8061
2.81065
2.81522
2.81979
2.82437
2.82895
2.83354
2.83814
2.84275
2.84737
2.85199
2.85662
2.86126
2.8659
2.87055
2.87521
2.87988
2.88456
2.88924
2.89393
2.89863
2.90334
2.90805
2.91277
2.9175
2.92224
2.92698
2.93173
2.93649
2.94126
2.94603
2.95082
2.95561
2.9604
2.96521
2.97002
2.97485
2.97968
2.98451
2.98936
2.99421
2.99907
3.00394
3.00882
3.0137
3.0186
3.0235
3.0284
3.03332
3.03825
3.04318
3.04812
3.05307
3.05802
3.06299
3.06796
3.07294
3.07793
3.08293
3.08793
3.09294
3.09797
3.103
3.10803
3.11308
3.11813
3.12319
3.12827
3.13334
3.13843
3.14353
3.14863
3.15374
3.15886
3.16399
3.16913
3.17427
3.17942
3.18459
3.18976
3.19493
3.20012
3.20532
3.21052
3.21573
3.22095
3.22618
3.23142
3.23667
3.24192
3.24718
3.25245
3.25773
3.26302
3.26832
3.27363
3.27894
3.28426
3.2896
3.29494
3.30029
3.30564
3.31101
3.31639
3.32177
3.32716
3.33256
3.33797
3.34339
3.34882
3.35426
3.3597
3.36516
3.37062
3.37609
3.38157
3.38706
3.39256
3.39807
3.40359
3.40911
3.41465
3.42019
3.42574
3.4313
3.43687
3.44245
3.44804
3.45364
3.45925
3.46486
3.47049
3.47612
3.48177
3.48742
3.49308
3.49875
3.50443
3.51012
3.51582
3.52153
3.52724
3.53297
3.53871
3.54445
3.55021
3.55597
3.56174
3.56752
3.57332
3.57912
3.58493
3.59075
3.59658
3.60242
3.60826
3.61412
3.61999
3.62587
3.63175
3.63765
3.64355
3.64947
3.65539
3.66133
3.66727
3.67323
3.67919
3.68516
3.69114
3.69714
3.70314
3.70915
3.71517
3.7212
3.72725
3.7333
3.73936
3.74543
3.75151
3.7576
3.7637
3.76981
3.77593
3.78206
3.7882
3.79435
3.80051
3.80668
3.81286
3.81905
3.82525
3.83146
3.83768
3.84391
3.85015
3.8564
3.86266
3.86893
3.87521
3.8815
3.88781
3.89412
3.90044
3.90677
3.91311
3.91947
3.92583
3.9322
3.93859
3.94498
3.95139
3.9578
3.96423
3.97066
3.97711
3.98357
3.99003
3.99651
4.003
4.0095
4.01601
4.02253
4.02906
4.0356
4.04215
4.04871
4.05528
4.06187
4.06846
4.07507
4.08168
4.08831
4.09495
4.10159
4.10825
4.11492
4.1216
4.12829
4.135
4.14171
4.14843
4.15517
4.16191
4.16867
4.17544
4.18222
4.18901
4.19581
4.20262
4.20944
4.21627
4.22312
4.22998
4.23684
4.24372
4.25061
4.25751
4.26442
4.27135
4.27828
4.28523
4.29218
4.29915
4.30613
4.31312
4.32012
4.32714
4.33416
4.3412
4.34825
4.35531
4.36238
4.36946
4.37655
4.38366
4.39077
4.3979
4.40504
4.41219
4.41936
4.42653
4.43372
4.44091
4.44812
4.45535
4.46258
4.46982
4.47708
4.48435
4.49163
4.49892
4.50622
4.51354
4.52087
4.52821
4.53556
4.54292
4.5503
4.55768
4.56508
4.57249
4.57992
4.58735
4.5948
4.60226
4.60973
4.61722
4.62471
4.63222
4.63974
4.64727
4.65482
4.66237
4.66994
4.67752
4.68512
4.69272
4.70034
4.70797
4.71562
4.72327
4.73094
4.73862
4.74631
4.75402
4.76174
4.76947
4.77721
4.78497
4.79273
4.80051
4.80831
4.81611
4.82393
4.83176
4.83961
4.84746
4.85533
4.86322
4.87111
4.87902
4.88694
4.89487
4.90282
4.91078
4.91875
4.92674
4.93474
4.94275
4.95077
4.95881
4.96686
4.97492
4.983
4.99109
4.99919
5.00731
5.01544
5.02358
5.03174
5.0399
5.04809
5.05628
5.06449
5.07271
5.08095
5.0892
5.09746
5.10573
5.11402
5.12233
5.13064
5.13897
5.14731
5.15567
5.16404
5.17242
5.18082
5.18923
5.19766
5.20609
5.21455
5.22301
5.23149
5.23998
5.24849
5.25701
5.26555
5.27409
5.28266
5.29123
5.29982
5.30843
5.31705
5.32568
5.33432
5.34298
5.35166
5.36035
5.36905
5.37776
5.38649
5.39524
5.404
5.41277
5.42156
5.43036
5.43918
5.44801
5.45685
5.46571
5.47458
5.48347
5.49237
5.50129
5.51022
5.51917
5.52813
5.5371
5.54609
5.55509
5.56411
5.57315
5.58219
5.59126
5.60033
5.60943
5.61853
5.62765
5.63679
5.64594
5.65511
5.66429
5.67348
5.68269
5.69192
5.70116
5.71042
5.71969
5.72897
5.73827
5.74759
5.75692
5.76627
5.77563
5.785
5.7944
5.8038
5.81322
5.82266
5.83211
5.84158
5.85107
5.86057
5.87008
5.87961
5.88915
5.89872
5.90829
5.91788
5.92749
5.93711
5.94675
5.95641
5.96608
5.97576
5.98546
5.99518
6.00491
6.01466
6.02443
6.03421
6.044
6.05382
6.06364
6.07349
6.08335
6.09322
6.10312
6.11302
6.12295
6.13289
6.14285
6.15282
6.16281
6.17281
6.18283
6.19287
6.20292
6.21299
6.22308
6.23318
6.2433
6.25344
6.26359
6.27376
6.28395
6.29415
6.30437
6.3146
6.32485
6.33512
6.3454
6.35571
6.36602
6.37636
6.38671
6.39708
6.40746
6.41787
6.42829
6.43872
6.44917
6.45964
6.47013
6.48064
6.49116
6.50169
6.51225
6.52282
6.53341
6.54402
6.55464
6.56528
6.57594
6.58662
6.59731
6.60802
6.61875
6.62949
6.64026
6.65104
6.66183
6.67265
6.68348
6.69433
6.7052
6.71609
6.72699
6.73791
6.74885
6.75981
6.77078
6.78177
6.79278
6.80381
6.81486
6.82592
6.837
6.8481
6.85922
6.87035
6.88151
6.89268
6.90387
6.91508
6.9263
6.93755
6.94881
6.96009
6.97139
6.98271
6.99405
7.0054
7.01677
7.02816
7.03957
7.051
7.06245
7.07391
7.0854
7.0969
7.10842
7.11996
7.13152
7.1431
7.1547
7.16631
7.17795
7.1896
7.20127
7.21296
7.22467
7.2364
7.24815
7.25992
7.2717
7.28351
7.29533
7.30718
7.31904
7.33092
7.34282
7.35474
7.36668
7.37864
7.39062
7.40262
7.41464
7.42667
7.43873
7.45081
7.4629
7.47502
7.48716
7.49931
7.51148
7.52368
7.53589
7.54813
7.56038
7.57266
7.58495
7.59726
7.6096
7.62195
7.63433
7.64672
7.65913
7.67157
7.68402
7.6965
7.70899
7.72151
7.73404
7.7466
7.75917
7.77177
7.78439
7.79703
7.80968
7.82236
7.83506
7.84778
7.86052
7.87328
7.88607
7.89887
7.91169
7.92454
7.9374
7.95029
7.96319
7.97612
7.98907
8.00204
8.01503
8.02804
8.04108
8.05413
8.06721
8.0803
8.09342
8.10656
8.11972
8.1329
8.14611
8.15933
8.17258
8.18585
8.19913
8.21245
8.22578
8.23913
8.25251
8.26591
8.27933
8.29277
8.30623
8.31971
8.33322
8.34675
8.3603
8.37387
8.38747
8.40108
8.41472
8.42838
8.44207
8.45577
8.4695
8.48325
8.49702
8.51082
8.52463
8.53847
8.55233
8.56622
8.58013
8.59405
8.60801
8.62198
8.63598
8.65
8.66404
8.67811
8.6922
8.70631
8.72044
8.7346
8.74878
8.76298
8.77721
8.79146
8.80573
8.82003
8.83435
8.84869
8.86305
8.87744
8.89185
8.90629
8.92075
8.93523
8.94974
8.96427
8.97882
8.9934
9.008
9.02262
9.03727
9.05194
9.06664
9.08135
9.0961
9.11086
9.12566
9.14047
9.15531
9.17017
9.18506
9.19997
9.21491
9.22987
9.24485
9.25986
9.27489
9.28995
9.30503
9.32014
9.33527
9.35043
9.36561
9.38081
9.39604
9.41129
9.42657
9.44188
9.4572
9.47256
9.48794
9.50334
9.51877
9.53422
9.5497
9.5652
9.58073
9.59628
9.61186
9.62747
9.6431
9.65875
9.67443
9.69014
9.70587
9.72163
9.73741
9.75322
9.76905
9.78491
9.8008
9.81671
9.83265
9.84861
9.8646
9.88061
9.89665
9.91272
9.92881
9.94493
9.96108
9.97725
9.99345
10.0097
10.0259
10.0422
10.0585
10.0748
10.0912
10.1076
10.124
10.1404
10.1569
10.1734
10.1899
10.2064
10.223
10.2396
10.2562
10.2729
10.2895
10.3062
10.323
10.3397
10.3565
10.3733
10.3902
10.407
10.4239
10.4409
10.4578
10.4748
10.4918
10.5088
10.5259
10.543
10.5601
10.5772
10.5944
10.6116
10.6288
10.6461
10.6634
10.6807
10.698
10.7154
10.7328
10.7502
10.7677
10.7851
10.8027
10.8202
10.8378
10.8554
10.873
10.8906
10.9083
10.926
10.9438
10.9615
10.9793
10.9971
11.015
11.0329
11.0508
11.0687
11.0867
11.1047
11.1227
11.1408
11.1589
11.177
11.1951
11.2133
11.2315
11.2497
11.268
11.2863
11.3046
11.323
11.3414
11.3598
11.3782
11.3967
11.4152
11.4337
11.4523
11.4709
11.4895
11.5082
11.5268
11.5455
11.5643
11.5831
11.6019
11.6207
11.6396
11.6585
11.6774
11.6964
11.7153
11.7344
11.7534
11.7725
11.7916
11.8107
11.8299
11.8491
11.8684
11.8876
11.9069
11.9263
11.9456
11.965
11.9844
12.0039
12.0234
12.0429
12.0625
12.082
12.1016
12.1213
12.141
12.1607
12.1804
12.2002
12.22
12.2398
12.2597
12.2796
12.2996
12.3195
12.3395
12.3596
12.3796
12.3997
12.4198
12.44
12.4602
12.4804
12.5007
12.521
12.5413
12.5617
12.5821
12.6025
12.623
12.6435
12.664
12.6845
12.7051
12.7258
12.7464
12.7671
12.7878
12.8086
12.8294
12.8502
12.8711
12.892
12.9129
12.9339
12.9549
12.9759
12.997
13.0181
13.0392
13.0604
13.0816
13.1028
13.1241
13.1454
13.1667
13.1881
13.2095
13.231
13.2524
13.274
13.2955
13.3171
13.3387
13.3604
13.3821
13.4038
13.4255
13.4473
13.4692
13.491
13.5129
13.5349
13.5568
13.5789
13.6009
13.623
13.6451
13.6672
13.6894
13.7117
13.7339
13.7562
13.7785
13.8009
13.8233
13.8458
13.8682
13.8908
13.9133
13.9359
13.9585
13.9812
14.0039
14.0266
14.0494
14.0722
14.095
14.1179
14.1408
14.1638
14.1868
14.2098
14.2329
14.256
14.2791
14.3023
14.3255
14.3488
14.3721
14.3954
14.4188
14.4422
14.4657
14.4891
14.5127
14.5362
14.5598
14.5835
14.6071
14.6308
14.6546
14.6784
14.7022
14.7261
14.75
14.7739
14.7979
14.8219
14.846
14.8701
14.8943
14.9184
14.9427
14.9669
14.9912
15.0155
15.0399
15.0643
15.0888
15.1133
15.1378
15.1624
15.187
15.2117
15.2364
15.2611
15.2859
15.3107
15.3356
15.3605
15.3854
15.4104
15.4354
15.4604
15.4855
15.5107
15.5359
15.5611
15.5863
15.6117
15.637
15.6624
15.6878
15.7133
15.7388
15.7643
15.7899
15.8156
15.8412
15.867
15.8927
15.9185
15.9444
15.9702
15.9962
16.0221
16.0482
16.0742
16.1003
16.1264
16.1526
16.1788
16.2051
16.2314
16.2578
16.2842
16.3106
16.3371
16.3636
16.3902
16.4168
16.4434
16.4701
16.4969
16.5236
16.5505
16.5773
16.6043
16.6312
16.6582
16.6853
16.7123
16.7395
16.7666
16.7939
16.8211
16.8484
16.8758
16.9032
16.9306
16.9581
16.9856
17.0132
17.0408
17.0685
17.0962
17.124
17.1518
17.1796
17.2075
17.2354
17.2634
17.2915
17.3195
17.3476
17.3758
17.404
17.4323
17.4606
17.4889
17.5173
17.5457
17.5742
17.6028
17.6313
17.66
17.6886
17.7173
17.7461
17.7749
17.8038
17.8327
17.8616
17.8906
17.9197
17.9488
17.9779
18.0071
18.0363
18.0656
18.0949
18.1243
18.1537
18.1832
18.2127
18.2423
18.2719
18.3016
18.3313
18.361
18.3909
18.4207
18.4506
18.4806
18.5106
18.5406
18.5707
18.6009
18.6311
18.6613
18.6916
18.722
18.7524
18.7828
18.8133
18.8438
18.8744
18.9051
18.9358
18.9665
18.9973
19.0281
19.059
19.09
19.121
19.152
19.1831
19.2142
19.2454
19.2767
19.308
19.3393
19.3707
19.4022
19.4337
19.4652
19.4968
19.5285
19.5602
19.5919
19.6237
19.6556
19.6875
19.7194
19.7515
19.7835
19.8156
19.8478
19.88
19.9123
19.9446
19.977
20.0094
20.0419
20.0745
20.1071
20.1397
20.1724
20.2051
20.238
20.2708
20.3037
20.3367
20.3697
20.4028
20.4359
20.4691
20.5023
20.5356
20.5689
20.6023
20.6358
20.6693
20.7028
20.7364
20.7701
20.8038
20.8376
20.8714
20.9053
20.9392
20.9732
21.0073
21.0414
21.0755
21.1098
21.144
21.1784
21.2127
21.2472
21.2817
21.3162
21.3508
21.3855
21.4202
21.455
21.4898
21.5247
21.5596
21.5946
21.6297
21.6648
21.7
21.7352
21.7705
21.8058
21.8412
21.8767
21.9122
21.9478
21.9834
22.0191
22.0549
22.0907
22.1265
22.1624
22.1984
22.2345
22.2706
22.3067
22.3429
22.3792
22.4155
22.4519
22.4884
22.5249
22.5615
22.5981
22.6348
22.6715
22.7083
22.7452
22.7821
22.8191
22.8561
22.8932
22.9304
22.9676
23.0049
23.0423
23.0797
23.1172
23.1547
23.1923
23.2299
23.2676
23.3054
23.3432
23.3811
23.4191
23.4571
23.4952
23.5333
23.5716
23.6098
23.6481
23.6865
23.725
23.7635
23.8021
23.8407
23.8794
23.9182
23.957
23.9959
24.0349
24.0739
24.113
24.1521
24.1913
24.2306
24.27
24.3094
24.3488
24.3883
24.4279
24.4676
24.5073
24.5471
24.587
24.6269
24.6669
24.7069
24.747
24.7872
24.8274
24.8677
24.9081
24.9485
24.989
25.0296
25.0702
25.1109
25.1517
25.1925
25.2334
25.2744
25.3154
25.3565
25.3977
25.4389
25.4802
25.5216
25.563
25.6045
25.6461
25.6877
25.7294
25.7712
25.8131
25.855
25.8969
25.939
25.9811
26.0233
26.0655
26.1078
26.1502
26.1927
26.2352
26.2778
26.3204
26.3632
26.406
26.4488
26.4918
26.5348
26.5779
26.621
26.6642
26.7075
26.7509
26.7943
26.8378
26.8814
26.925
26.9687
27.0125
27.0564
27.1003
27.1443
27.1884
27.2325
27.2767
27.321
27.3653
27.4098
27.4543
27.4988
27.5435
27.5882
27.633
27.6778
27.7228
27.7678
27.8129
27.858
27.9032
27.9485
27.9939
28.0394
28.0849
28.1305
28.1761
28.2219
28.2677
28.3136
28.3596
28.4056
28.4517
28.4979
28.5442
28.5905
28.6369
28.6834
28.73
28.7766
28.8233
28.8701
28.917
28.964
29.011
29.0581
29.1052
29.1525
29.1998
29.2472
29.2947
29.3423
29.3899
29.4376
29.4854
29.5333
29.5812
29.6292
29.6774
29.7255
29.7738
29.8221
29.8705
29.919
29.9676
30.0163
30.065
30.1138
30.1627
30.2117
30.2607
30.3098
30.359
30.4083
30.4577
30.5071
30.5567
30.6063
30.656
30.7057
30.7556
30.8055
30.8555
30.9056
30.9558
31.006
31.0564
31.1068
31.1573
31.2079
31.2585
31.3093
31.3601
31.411
31.462
31.5131
31.5643
31.6155
31.6668
31.7182
31.7697
31.8213
31.873
31.9247
31.9765
32.0285
32.0804
32.1325
32.1847
32.2369
32.2893
32.3417
32.3942
32.4468
32.4995
32.5522
32.6051
32.658
32.711
32.7641
32.8173
32.8706
32.924
32.9774
33.031
33.0846
33.1383
33.1921
33.246
33.3
33.354
33.4082
33.4624
33.5167
33.5711
33.6256
33.6802
33.7349
33.7897
33.8445
33.8995
33.9545
34.0096
34.0648
34.1201
34.1755
34.231
34.2866
34.3423
34.398
34.4539
34.5098
34.5658
34.6219
34.6781
34.7344
34.7908
34.8473
34.9039
34.9605
35.0173
35.0742
35.1311
35.1881
35.2453
35.3025
35.3598
35.4172
35.4747
35.5323
35.59
35.6477
35.7056
35.7636
35.8216
35.8798
35.938
35.9964
36.0548
36.1134
36.172
36.2307
36.2895
36.3484
36.4075
36.4666
36.5258
36.5851
36.6445
36.7039
36.7635
36.8232
36.883
36.9429
37.0029
37.0629
37.1231
37.1834
37.2437
37.3042
37.3648
37.4254
37.4862
37.547
37.608
37.669
37.7302
37.7914
37.8528
37.9142
37.9758
38.0375
38.0992
38.1611
38.223
38.2851
38.3472
38.4095
38.4718
38.5343
38.5968
38.6595
38.7223
38.7851
38.8481
38.9112
38.9743
39.0376
39.101
39.1645
39.228
39.2917
39.3555
39.4194
39.4834
39.5475
39.6117
39.676
39.7404
39.8049
39.8696
39.9343
39.9991
40.0641
40.1291
40.1943
40.2595
40.3249
40.3903
40.4559
40.5216
40.5874
40.6533
40.7193
40.7854
40.8516
40.9179
40.9843
41.0509
41.1175
41.1843
41.2511
41.3181
41.3852
41.4524
41.5196
41.5871
41.6546
41.7222
41.7899
41.8578
41.9257
41.9938
42.062
42.1302
42.1986
42.2672
42.3358
42.4045
42.4733
42.5423
42.6114
42.6805
42.7498
42.8192
42.8887
42.9584
43.0281
43.098
43.1679
43.238
43.3082
43.3785
43.4489
43.5195
43.5901
43.6609
43.7318
43.8028
43.8739
43.9451
44.0165
44.0879
44.1595
44.2312
44.303
44.3749
44.447
44.5191
44.5914
44.6638
44.7363
44.8089
44.8817
44.9545
45.0275
45.1006
45.1738
45.2472
45.3206
45.3942
45.4679
45.5417
45.6156
45.6897
45.7639
45.8382
45.9126
45.9871
46.0618
46.1366
46.2115
46.2865
46.3616
46.4369
46.5123
46.5878
46.6634
46.7392
46.8151
46.8911
46.9672
47.0434
47.1198
47.1963
47.2729
47.3497
47.4265
47.5035
47.5807
47.6579
47.7353
47.8128
47.8904
47.9681
48.046
48.124
48.2021
48.2804
48.3588
48.4373
48.5159
48.5947
48.6736
48.7526
48.8317
48.911
48.9904
49.07
49.1496
49.2294
49.3093
49.3894
49.4696
49.5499
49.6303
49.7109
49.7916
49.8724
49.9534
50.0345
50.1157
50.1971
50.2786
50.3602
50.442
50.5238
50.6059
50.688
50.7703
50.8527
50.9353
51.018
51.1008
51.1838
51.2669
51.3501
51.4335
51.517
51.6006
51.6844
51.7683
51.8523
51.9365
52.0208
52.1053
52.1899
52.2746
52.3595
52.4445
52.5296
52.6149
52.7003
52.7859
52.8715
52.9574
53.0434
53.1295
53.2157
53.3021
53.3886
53.4753
53.5621
53.6491
53.7362
53.8234
53.9108
53.9983
54.086
54.1738
54.2617
54.3498
54.4381
54.5265
54.615
54.7036
54.7924
54.8814
54.9705
55.0597
55.1491
55.2387
55.3283
55.4182
55.5081
55.5982
55.6885
55.7789
55.8695
55.9602
56.051
56.142
56.2332
56.3245
56.4159
56.5075
56.5992
56.6911
56.7831
56.8753
56.9677
57.0601
57.1528
57.2456
57.3385
57.4316
57.5248
57.6182
57.7118
57.8054
57.8993
57.9933
58.0874
58.1817
58.2762
58.3708
58.4656
58.5605
58.6555
58.7508
58.8462
58.9417
59.0374
59.1332
59.2292
59.3254
59.4217
59.5182
59.6148
59.7116
59.8085
59.9056
60.0029
60.1003
60.1978
60.2956
60.3935
60.4915
60.5897
60.6881
60.7866
60.8853
60.9841
61.0831
61.1823
61.2816
61.3811
61.4808
61.5806
61.6805
61.7807
61.881
61.9814
62.0821
62.1828
62.2838
62.3849
62.4862
62.5876
62.6892
62.791
62.893
62.9951
63.0973
63.1998
63.3024
63.4051
63.5081
63.6112
63.7144
63.8179
63.9215
64.0253
64.1292
64.2333
64.3376
64.442
64.5467
64.6514
64.7564
64.8615
64.9668
65.0723
65.1779
65.2838
65.3897
65.4959
65.6022
65.7087
65.8154
65.9223
66.0293
66.1365
66.2438
66.3514
66.4591
66.567
66.6751
66.7833
66.8917
67.0003
67.1091
67.218
67.3272
67.4365
67.546
67.6556
67.7655
67.8755
67.9857
68.096
68.2066
68.3173
68.4282
68.5393
68.6506
68.762
68.8737
68.9855
69.0975
69.2096
69.322
69.4345
69.5473
69.6602
69.7733
69.8865
70
