#k in inverse Angstrom
0.000335751
0.000336253
0.000336756
0.00033726
0.000337765
0.00033827
0.000338776
0.000339283
0.000339791
0.0003403
0.000340809
0.000341319
0.000341829
0.000342341
0.000342853
0.000343366
0.00034388
0.000344395
0.00034491
0.000345426
0.000345943
0.000346461
0.000346979
0.000347498
0.000348018
0.000348539
0.000349061
0.000349583
0.000350106
0.00035063
0.000351155
0.00035168
0.000352206
0.000352733
0.000353261
0.00035379
0.000354319
0.000354849
0.00035538
0.000355912
0.000356445
0.000356978
0.000357512
0.000358047
0.000358583
0.00035912
0.000359657
0.000360195
0.000360734
0.000361274
0.000361815
0.000362356
0.000362898
0.000363441
0.000363985
0.00036453
0.000365075
0.000365621
0.000366169
0.000366716
0.000367265
0.000367815
0.000368365
0.000368916
0.000369468
0.000370021
0.000370575
0.000371129
0.000371685
0.000372241
0.000372798
0.000373356
0.000373915
0.000374474
0.000375034
0.000375596
0.000376158
0.000376721
0.000377284
0.000377849
0.000378414
0.00037898
0.000379548
0.000380115
0.000380684
0.000381254
0.000381824
0.000382396
0.000382968
0.000383541
0.000384115
0.00038469
0.000385265
0.000385842
0.000386419
0.000386997
0.000387577
0.000388157
0.000388737
0.000389319
0.000389902
0.000390485
0.000391069
0.000391655
0.000392241
0.000392828
0.000393415
0.000394004
0.000394594
0.000395184
0.000395775
0.000396368
0.000396961
0.000397555
0.00039815
0.000398745
0.000399342
0.00039994
0.000400538
0.000401138
0.000401738
0.000402339
0.000402941
0.000403544
0.000404148
0.000404753
0.000405358
0.000405965
0.000406572
0.000407181
0.00040779
0.0004084
0.000409011
0.000409623
0.000410236
0.00041085
0.000411465
0.000412081
0.000412697
0.000413315
0.000413933
0.000414553
0.000415173
0.000415794
0.000416416
0.00041704
0.000417664
0.000418289
0.000418914
0.000419541
0.000420169
0.000420798
0.000421427
0.000422058
0.00042269
0.000423322
0.000423956
0.00042459
0.000425225
0.000425862
0.000426499
0.000427137
0.000427776
0.000428416
0.000429057
0.000429699
0.000430342
0.000430986
0.000431631
0.000432277
0.000432924
0.000433572
0.000434221
0.00043487
0.000435521
0.000436173
0.000436826
0.000437479
0.000438134
0.000438789
0.000439446
0.000440104
0.000440762
0.000441422
0.000442082
0.000442744
0.000443406
0.00044407
0.000444734
0.0004454
0.000446066
0.000446734
0.000447402
0.000448072
0.000448742
0.000449414
0.000450086
0.00045076
0.000451434
0.00045211
0.000452786
0.000453464
0.000454142
0.000454822
0.000455502
0.000456184
0.000456867
0.00045755
0.000458235
0.000458921
0.000459607
0.000460295
0.000460984
0.000461674
0.000462365
0.000463056
0.000463749
0.000464443
0.000465138
0.000465834
0.000466531
0.000467229
0.000467929
0.000468629
0.00046933
0.000470032
0.000470736
0.00047144
0.000472145
0.000472852
0.00047356
0.000474268
0.000474978
0.000475689
0.0004764
0.000477113
0.000477827
0.000478542
0.000479258
0.000479975
0.000480694
0.000481413
0.000482133
0.000482855
0.000483577
0.000484301
0.000485026
0.000485751
0.000486478
0.000487206
0.000487935
0.000488665
0.000489397
0.000490129
0.000490862
0.000491597
0.000492332
0.000493069
0.000493807
0.000494546
0.000495286
0.000496027
0.000496769
0.000497513
0.000498257
0.000499003
0.000499749
0.000500497
0.000501246
0.000501996
0.000502747
0.0005035
0.000504253
0.000505008
0.000505763
0.00050652
0.000507278
0.000508037
0.000508797
0.000509559
0.000510321
0.000511085
0.00051185
0.000512616
0.000513383
0.000514151
0.00051492
0.000515691
0.000516462
0.000517235
0.000518009
0.000518784
0.000519561
0.000520338
0.000521117
0.000521896
0.000522677
0.00052346
0.000524243
0.000525027
0.000525813
0.0005266
0.000527388
0.000528177
0.000528967
0.000529759
0.000530552
0.000531345
0.000532141
0.000532937
0.000533734
0.000534533
0.000535333
0.000536134
0.000536936
0.00053774
0.000538544
0.00053935
0.000540157
0.000540965
0.000541775
0.000542586
0.000543398
0.000544211
0.000545025
0.000545841
0.000546657
0.000547475
0.000548295
0.000549115
0.000549937
0.00055076
0.000551584
0.000552409
0.000553236
0.000554064
0.000554893
0.000555723
0.000556555
0.000557387
0.000558221
0.000559057
0.000559893
0.000560731
0.00056157
0.000562411
0.000563252
0.000564095
0.000564939
0.000565784
0.000566631
0.000567479
0.000568328
0.000569178
0.00057003
0.000570883
0.000571737
0.000572593
0.00057345
0.000574308
0.000575167
0.000576028
0.00057689
0.000577753
0.000578618
0.000579483
0.000580351
0.000581219
0.000582089
0.00058296
0.000583832
0.000584706
0.000585581
0.000586457
0.000587334
0.000588213
0.000589094
0.000589975
0.000590858
0.000591742
0.000592627
0.000593514
0.000594402
0.000595292
0.000596183
0.000597075
0.000597968
0.000598863
0.000599759
0.000600657
0.000601555
0.000602455
0.000603357
0.00060426
0.000605164
0.00060607
0.000606976
0.000607885
0.000608794
0.000609705
0.000610618
0.000611531
0.000612446
0.000613363
0.000614281
0.0006152
0.000616121
0.000617042
0.000617966
0.000618891
0.000619817
0.000620744
0.000621673
0.000622603
0.000623535
0.000624468
0.000625402
0.000626338
0.000627275
0.000628214
0.000629154
0.000630096
0.000631038
0.000631983
0.000632928
0.000633875
0.000634824
0.000635774
0.000636725
0.000637678
0.000638632
0.000639588
0.000640545
0.000641503
0.000642463
0.000643425
0.000644388
0.000645352
0.000646317
0.000647285
0.000648253
0.000649223
0.000650195
0.000651168
0.000652142
0.000653118
0.000654095
0.000655074
0.000656054
0.000657036
0.000658019
0.000659004
0.00065999
0.000660977
0.000661966
0.000662957
0.000663949
0.000664943
0.000665938
0.000666934
0.000667932
0.000668931
0.000669932
0.000670935
0.000671939
0.000672944
0.000673951
0.00067496
0.00067597
0.000676981
0.000677994
0.000679009
0.000680025
0.000681043
0.000682062
0.000683082
0.000684104
0.000685128
0.000686153
0.00068718
0.000688208
0.000689238
0.000690269
0.000691302
0.000692337
0.000693373
0.00069441
0.000695449
0.00069649
0.000697532
0.000698576
0.000699621
0.000700668
0.000701717
0.000702767
0.000703818
0.000704872
0.000705926
0.000706983
0.000708041
0.0007091
0.000710161
0.000711224
0.000712288
0.000713354
0.000714421
0.00071549
0.000716561
0.000717633
0.000718707
0.000719783
0.00072086
0.000721938
0.000723019
0.0007241
0.000725184
0.000726269
0.000727356
0.000728444
0.000729534
0.000730626
0.000731719
0.000732814
0.000733911
0.000735009
0.000736109
0.00073721
0.000738313
0.000739418
0.000740525
0.000741633
0.000742743
0.000743854
0.000744967
0.000746082
0.000747198
0.000748316
0.000749436
0.000750558
0.000751681
0.000752805
0.000753932
0.00075506
0.00075619
0.000757321
0.000758455
0.00075959
0.000760726
0.000761865
0.000763005
0.000764146
0.00076529
0.000766435
0.000767582
0.00076873
0.000769881
0.000771033
0.000772187
0.000773342
0.000774499
0.000775658
0.000776819
0.000777981
0.000779145
0.000780311
0.000781479
0.000782648
0.000783819
0.000784992
0.000786167
0.000787343
0.000788522
0.000789701
0.000790883
0.000792067
0.000793252
0.000794439
0.000795628
0.000796818
0.000798011
0.000799205
0.000800401
0.000801598
0.000802798
0.000803999
0.000805202
0.000806407
0.000807614
0.000808822
0.000810032
0.000811245
0.000812459
0.000813674
0.000814892
0.000816111
0.000817332
0.000818555
0.00081978
0.000821007
0.000822236
0.000823466
0.000824698
0.000825932
0.000827168
0.000828406
0.000829645
0.000830887
0.00083213
0.000833375
0.000834622
0.000835871
0.000837122
0.000838375
0.000839629
0.000840886
0.000842144
0.000843404
0.000844666
0.00084593
0.000847196
0.000848464
0.000849733
0.000851005
0.000852278
0.000853554
0.000854831
0.00085611
0.000857391
0.000858674
0.000859959
0.000861246
0.000862534
0.000863825
0.000865118
0.000866412
0.000867709
0.000869007
0.000870308
0.00087161
0.000872914
0.00087422
0.000875528
0.000876839
0.000878151
0.000879465
0.000880781
0.000882099
0.000883419
0.000884741
0.000886064
0.00088739
0.000888718
0.000890048
0.00089138
0.000892714
0.00089405
0.000895387
0.000896727
0.000898069
0.000899413
0.000900759
0.000902107
0.000903457
0.000904808
0.000906162
0.000907518
0.000908876
0.000910236
0.000911598
0.000912962
0.000914329
0.000915697
0.000917067
0.000918439
0.000919814
0.00092119
0.000922568
0.000923949
0.000925332
0.000926716
0.000928103
0.000929492
0.000930883
0.000932275
0.000933671
0.000935068
0.000936467
0.000937868
0.000939272
0.000940677
0.000942085
0.000943494
0.000944906
0.00094632
0.000947736
0.000949154
0.000950575
0.000951997
0.000953422
0.000954848
0.000956277
0.000957708
0.000959141
0.000960576
0.000962014
0.000963453
0.000964895
0.000966339
0.000967785
0.000969233
0.000970683
0.000972136
0.00097359
0.000975047
0.000976506
0.000977968
0.000979431
0.000980897
0.000982364
0.000983834
0.000985307
0.000986781
0.000988258
0.000989736
0.000991217
0.000992701
0.000994186
0.000995674
0.000997164
0.000998656
0.00100015
0.00100165
0.00100315
0.00100465
0.00100615
0.00100766
0.00100916
0.00101067
0.00101219
0.0010137
0.00101522
0.00101674
0.00101826
0.00101978
0.00102131
0.00102284
0.00102437
0.0010259
0.00102743
0.00102897
0.00103051
0.00103205
0.0010336
0.00103514
0.00103669
0.00103824
0.0010398
0.00104135
0.00104291
0.00104447
0.00104604
0.0010476
0.00104917
0.00105074
0.00105231
0.00105389
0.00105546
0.00105704
0.00105862
0.00106021
0.00106179
0.00106338
0.00106497
0.00106657
0.00106816
0.00106976
0.00107136
0.00107297
0.00107457
0.00107618
0.00107779
0.0010794
0.00108102
0.00108264
0.00108426
0.00108588
0.0010875
0.00108913
0.00109076
0.00109239
0.00109403
0.00109566
0.0010973
0.00109895
0.00110059
0.00110224
0.00110389
0.00110554
0.00110719
0.00110885
0.00111051
0.00111217
0.00111383
0.0011155
0.00111717
0.00111884
0.00112052
0.00112219
0.00112387
0.00112555
0.00112724
0.00112892
0.00113061
0.00113231
0.001134
0.0011357
0.0011374
0.0011391
0.0011408
0.00114251
0.00114422
0.00114593
0.00114765
0.00114936
0.00115108
0.00115281
0.00115453
0.00115626
0.00115799
0.00115972
0.00116146
0.0011632
0.00116494
0.00116668
0.00116842
0.00117017
0.00117192
0.00117368
0.00117543
0.00117719
0.00117895
0.00118072
0.00118249
0.00118426
0.00118603
0.0011878
0.00118958
0.00119136
0.00119314
0.00119493
0.00119672
0.00119851
0.0012003
0.0012021
0.00120389
0.0012057
0.0012075
0.00120931
0.00121112
0.00121293
0.00121474
0.00121656
0.00121838
0.00122021
0.00122203
0.00122386
0.00122569
0.00122753
0.00122936
0.0012312
0.00123304
0.00123489
0.00123674
0.00123859
0.00124044
0.0012423
0.00124416
0.00124602
0.00124788
0.00124975
0.00125162
0.00125349
0.00125537
0.00125725
0.00125913
0.00126101
0.0012629
0.00126479
0.00126668
0.00126858
0.00127048
0.00127238
0.00127428
0.00127619
0.0012781
0.00128001
0.00128192
0.00128384
0.00128576
0.00128769
0.00128961
0.00129154
0.00129348
0.00129541
0.00129735
0.00129929
0.00130124
0.00130318
0.00130513
0.00130709
0.00130904
0.001311
0.00131296
0.00131493
0.0013169
0.00131887
0.00132084
0.00132282
0.0013248
0.00132678
0.00132876
0.00133075
0.00133274
0.00133474
0.00133673
0.00133873
0.00134074
0.00134274
0.00134475
0.00134677
0.00134878
0.0013508
0.00135282
0.00135484
0.00135687
0.0013589
0.00136094
0.00136297
0.00136501
0.00136705
0.0013691
0.00137115
0.0013732
0.00137526
0.00137731
0.00137937
0.00138144
0.00138351
0.00138558
0.00138765
0.00138973
0.00139181
0.00139389
0.00139597
0.00139806
0.00140015
0.00140225
0.00140435
0.00140645
0.00140855
0.00141066
0.00141277
0.00141489
0.001417
0.00141912
0.00142125
0.00142337
0.0014255
0.00142764
0.00142977
0.00143191
0.00143406
0.0014362
0.00143835
0.0014405
0.00144266
0.00144482
0.00144698
0.00144914
0.00145131
0.00145348
0.00145566
0.00145784
0.00146002
0.0014622
0.00146439
0.00146658
0.00146878
0.00147098
0.00147318
0.00147538
0.00147759
0.0014798
0.00148201
0.00148423
0.00148645
0.00148868
0.0014909
0.00149314
0.00149537
0.00149761
0.00149985
0.00150209
0.00150434
0.00150659
0.00150885
0.0015111
0.00151337
0.00151563
0.0015179
0.00152017
0.00152244
0.00152472
0.001527
0.00152929
0.00153158
0.00153387
0.00153616
0.00153846
0.00154076
0.00154307
0.00154538
0.00154769
0.00155001
0.00155233
0.00155465
0.00155698
0.00155931
0.00156164
0.00156398
0.00156632
0.00156866
0.00157101
0.00157336
0.00157571
0.00157807
0.00158043
0.0015828
0.00158517
0.00158754
0.00158991
0.00159229
0.00159467
0.00159706
0.00159945
0.00160184
0.00160424
0.00160664
0.00160905
0.00161145
0.00161386
0.00161628
0.0016187
0.00162112
0.00162355
0.00162598
0.00162841
0.00163085
0.00163329
0.00163573
0.00163818
0.00164063
0.00164308
0.00164554
0.001648
0.00165047
0.00165294
0.00165541
0.00165789
0.00166037
0.00166286
0.00166534
0.00166784
0.00167033
0.00167283
0.00167534
0.00167784
0.00168035
0.00168287
0.00168539
0.00168791
0.00169043
0.00169296
0.0016955
0.00169803
0.00170057
0.00170312
0.00170567
0.00170822
0.00171078
0.00171334
0.0017159
0.00171847
0.00172104
0.00172361
0.00172619
0.00172878
0.00173136
0.00173395
0.00173655
0.00173915
0.00174175
0.00174436
0.00174697
0.00174958
0.0017522
0.00175482
0.00175745
0.00176008
0.00176271
0.00176535
0.00176799
0.00177063
0.00177328
0.00177594
0.00177859
0.00178126
0.00178392
0.00178659
0.00178926
0.00179194
0.00179462
0.00179731
0.0018
0.00180269
0.00180539
0.00180809
0.0018108
0.00181351
0.00181622
0.00181894
0.00182166
0.00182438
0.00182711
0.00182985
0.00183259
0.00183533
0.00183808
0.00184083
0.00184358
0.00184634
0.0018491
0.00185187
0.00185464
0.00185742
0.00186019
0.00186298
0.00186577
0.00186856
0.00187135
0.00187415
0.00187696
0.00187977
0.00188258
0.0018854
0.00188822
0.00189104
0.00189387
0.00189671
0.00189955
0.00190239
0.00190523
0.00190809
0.00191094
0.0019138
0.00191666
0.00191953
0.0019224
0.00192528
0.00192816
0.00193105
0.00193394
0.00193683
0.00193973
0.00194263
0.00194554
0.00194845
0.00195137
0.00195429
0.00195721
0.00196014
0.00196307
0.00196601
0.00196895
0.0019719
0.00197485
0.0019778
0.00198076
0.00198373
0.00198669
0.00198967
0.00199264
0.00199563
0.00199861
0.0020016
0.0020046
0.0020076
0.0020106
0.00201361
0.00201662
0.00201964
0.00202266
0.00202569
0.00202872
0.00203176
0.0020348
0.00203784
0.00204089
0.00204395
0.002047
0.00205007
0.00205314
0.00205621
0.00205928
0.00206237
0.00206545
0.00206854
0.00207164
0.00207474
0.00207784
0.00208095
0.00208407
0.00208718
0.00209031
0.00209343
0.00209657
0.0020997
0.00210285
0.00210599
0.00210914
0.0021123
0.00211546
0.00211863
0.0021218
0.00212497
0.00212815
0.00213134
0.00213453
0.00213772
0.00214092
0.00214412
0.00214733
0.00215054
0.00215376
0.00215698
0.00216021
0.00216344
0.00216668
0.00216992
0.00217317
0.00217642
0.00217968
0.00218294
0.00218621
0.00218948
0.00219276
0.00219604
0.00219932
0.00220261
0.00220591
0.00220921
0.00221252
0.00221583
0.00221914
0.00222246
0.00222579
0.00222912
0.00223246
0.0022358
0.00223914
0.00224249
0.00224585
0.00224921
0.00225257
0.00225595
0.00225932
0.0022627
0.00226609
0.00226948
0.00227287
0.00227628
0.00227968
0.00228309
0.00228651
0.00228993
0.00229336
0.00229679
0.00230023
0.00230367
0.00230712
0.00231057
0.00231402
0.00231749
0.00232096
0.00232443
0.00232791
0.00233139
0.00233488
0.00233837
0.00234187
0.00234538
0.00234889
0.0023524
0.00235592
0.00235945
0.00236298
0.00236651
0.00237005
0.0023736
0.00237715
0.00238071
0.00238427
0.00238784
0.00239141
0.00239499
0.00239857
0.00240216
0.00240576
0.00240936
0.00241296
0.00241657
0.00242019
0.00242381
0.00242744
0.00243107
0.00243471
0.00243835
0.002442
0.00244565
0.00244931
0.00245298
0.00245665
0.00246033
0.00246401
0.00246769
0.00247139
0.00247509
0.00247879
0.0024825
0.00248621
0.00248993
0.00249366
0.00249739
0.00250113
0.00250487
0.00250862
0.00251237
0.00251613
0.0025199
0.00252367
0.00252744
0.00253123
0.00253501
0.00253881
0.00254261
0.00254641
0.00255022
0.00255404
0.00255786
0.00256169
0.00256552
0.00256936
0.0025732
0.00257705
0.00258091
0.00258477
0.00258864
0.00259251
0.00259639
0.00260028
0.00260417
0.00260807
0.00261197
0.00261588
0.00261979
0.00262371
0.00262764
0.00263157
0.00263551
0.00263945
0.0026434
0.00264736
0.00265132
0.00265528
0.00265926
0.00266324
0.00266722
0.00267121
0.00267521
0.00267921
0.00268322
0.00268724
0.00269126
0.00269529
0.00269932
0.00270336
0.0027074
0.00271146
0.00271551
0.00271958
0.00272365
0.00272772
0.0027318
0.00273589
0.00273998
0.00274408
0.00274819
0.0027523
0.00275642
0.00276055
0.00276468
0.00276881
0.00277296
0.00277711
0.00278126
0.00278542
0.00278959
0.00279377
0.00279795
0.00280213
0.00280633
0.00281053
0.00281473
0.00281894
0.00282316
0.00282739
0.00283162
0.00283585
0.0028401
0.00284435
0.0028486
0.00285287
0.00285713
0.00286141
0.00286569
0.00286998
0.00287427
0.00287858
0.00288288
0.0028872
0.00289152
0.00289584
0.00290018
0.00290452
0.00290886
0.00291322
0.00291758
0.00292194
0.00292631
0.00293069
0.00293508
0.00293947
0.00294387
0.00294827
0.00295269
0.0029571
0.00296153
0.00296596
0.0029704
0.00297484
0.00297929
0.00298375
0.00298822
0.00299269
0.00299717
0.00300165
0.00300614
0.00301064
0.00301515
0.00301966
0.00302418
0.0030287
0.00303323
0.00303777
0.00304232
0.00304687
0.00305143
0.003056
0.00306057
0.00306515
0.00306974
0.00307433
0.00307893
0.00308354
0.00308815
0.00309277
0.0030974
0.00310204
0.00310668
0.00311133
0.00311598
0.00312064
0.00312531
0.00312999
0.00313467
0.00313936
0.00314406
0.00314877
0.00315348
0.0031582
0.00316292
0.00316766
0.0031724
0.00317714
0.0031819
0.00318666
0.00319143
0.0031962
0.00320099
0.00320578
0.00321057
0.00321538
0.00322019
0.00322501
0.00322983
0.00323467
0.00323951
0.00324435
0.00324921
0.00325407
0.00325894
0.00326382
0.0032687
0.00327359
0.00327849
0.0032834
0.00328831
0.00329323
0.00329816
0.00330309
0.00330804
0.00331299
0.00331794
0.00332291
0.00332788
0.00333286
0.00333785
0.00334284
0.00334784
0.00335285
0.00335787
0.00336289
0.00336793
0.00337297
0.00337801
0.00338307
0.00338813
0.0033932
0.00339828
0.00340336
0.00340846
0.00341356
0.00341866
0.00342378
0.0034289
0.00343403
0.00343917
0.00344432
0.00344947
0.00345463
0.0034598
0.00346498
0.00347017
0.00347536
0.00348056
0.00348577
0.00349098
0.00349621
0.00350144
0.00350668
0.00351193
0.00351718
0.00352244
0.00352772
0.00353299
0.00353828
0.00354358
0.00354888
0.00355419
0.00355951
0.00356483
0.00357017
0.00357551
0.00358086
0.00358622
0.00359158
0.00359696
0.00360234
0.00360773
0.00361313
0.00361854
0.00362395
0.00362937
0.00363481
0.00364024
0.00364569
0.00365115
0.00365661
0.00366208
0.00366756
0.00367305
0.00367855
0.00368405
0.00368956
0.00369508
0.00370061
0.00370615
0.0037117
0.00371725
0.00372281
0.00372838
0.00373396
0.00373955
0.00374515
0.00375075
0.00375636
0.00376198
0.00376761
0.00377325
0.0037789
0.00378455
0.00379021
0.00379589
0.00380157
0.00380725
0.00381295
0.00381866
0.00382437
0.00383009
0.00383583
0.00384157
0.00384731
0.00385307
0.00385884
0.00386461
0.00387039
0.00387619
0.00388199
0.00388779
0.00389361
0.00389944
0.00390527
0.00391112
0.00391697
0.00392283
0.0039287
0.00393458
0.00394047
0.00394636
0.00395227
0.00395818
0.00396411
0.00397004
0.00397598
0.00398193
0.00398789
0.00399385
0.00399983
0.00400582
0.00401181
0.00401781
0.00402382
0.00402985
0.00403588
0.00404192
0.00404796
0.00405402
0.00406009
0.00406616
0.00407225
0.00407834
0.00408444
0.00409055
0.00409668
0.00410281
0.00410895
0.00411509
0.00412125
0.00412742
0.00413359
0.00413978
0.00414597
0.00415218
0.00415839
0.00416461
0.00417085
0.00417709
0.00418334
0.0041896
0.00419587
0.00420215
0.00420843
0.00421473
0.00422104
0.00422735
0.00423368
0.00424001
0.00424636
0.00425271
0.00425908
0.00426545
0.00427183
0.00427823
0.00428463
0.00429104
0.00429746
0.00430389
0.00431033
0.00431678
0.00432324
0.00432971
0.00433619
0.00434268
0.00434917
0.00435568
0.0043622
0.00436873
0.00437527
0.00438181
0.00438837
0.00439494
0.00440151
0.0044081
0.00441469
0.0044213
0.00442792
0.00443454
0.00444118
0.00444782
0.00445448
0.00446115
0.00446782
0.00447451
0.0044812
0.00448791
0.00449462
0.00450135
0.00450808
0.00451483
0.00452159
0.00452835
0.00453513
0.00454191
0.00454871
0.00455552
0.00456233
0.00456916
0.004576
0.00458285
0.0045897
0.00459657
0.00460345
0.00461034
0.00461724
0.00462415
0.00463106
0.00463799
0.00464493
0.00465189
0.00465885
0.00466582
0.0046728
0.00467979
0.00468679
0.00469381
0.00470083
0.00470787
0.00471491
0.00472197
0.00472903
0.00473611
0.00474319
0.00475029
0.0047574
0.00476452
0.00477165
0.00477879
0.00478594
0.0047931
0.00480027
0.00480746
0.00481465
0.00482186
0.00482907
0.0048363
0.00484353
0.00485078
0.00485804
0.00486531
0.00487259
0.00487988
0.00488718
0.0048945
0.00490182
0.00490915
0.0049165
0.00492386
0.00493123
0.0049386
0.00494599
0.0049534
0.00496081
0.00496823
0.00497567
0.00498311
0.00499057
0.00499804
0.00500551
0.005013
0.00502051
0.00502802
0.00503554
0.00504308
0.00505062
0.00505818
0.00506575
0.00507333
0.00508092
0.00508852
0.00509614
0.00510376
0.0051114
0.00511905
0.00512671
0.00513438
0.00514206
0.00514976
0.00515747
0.00516518
0.00517291
0.00518065
0.0051884
0.00519617
0.00520394
0.00521173
0.00521953
0.00522734
0.00523516
0.005243
0.00525084
0.0052587
0.00526657
0.00527445
0.00528234
0.00529025
0.00529816
0.00530609
0.00531403
0.00532198
0.00532994
0.00533792
0.00534591
0.00535391
0.00536192
0.00536994
0.00537798
0.00538603
0.00539408
0.00540216
0.00541024
0.00541834
0.00542644
0.00543456
0.0054427
0.00545084
0.005459
0.00546716
0.00547535
0.00548354
0.00549174
0.00549996
0.00550819
0.00551643
0.00552469
0.00553296
0.00554124
0.00554953
0.00555783
0.00556615
0.00557448
0.00558282
0.00559117
0.00559954
0.00560792
0.00561631
0.00562471
0.00563313
0.00564156
0.00565
0.00565846
0.00566692
0.0056754
0.0056839
0.0056924
0.00570092
0.00570945
0.00571799
0.00572655
0.00573512
0.0057437
0.00575229
0.0057609
0.00576952
0.00577816
0.0057868
0.00579546
0.00580413
0.00581282
0.00582152
0.00583023
0.00583895
0.00584769
0.00585644
0.0058652
0.00587398
0.00588277
0.00589157
0.00590039
0.00590922
0.00591806
0.00592692
0.00593578
0.00594467
0.00595356
0.00596247
0.00597139
0.00598033
0.00598928
0.00599824
0.00600722
0.0060162
0.00602521
0.00603422
0.00604325
0.0060523
0.00606135
0.00607042
0.00607951
0.0060886
0.00609771
0.00610684
0.00611598
0.00612513
0.00613429
0.00614347
0.00615267
0.00616187
0.00617109
0.00618033
0.00618957
0.00619884
0.00620811
0.0062174
0.00622671
0.00623602
0.00624535
0.0062547
0.00626406
0.00627343
0.00628282
0.00629222
0.00630164
0.00631107
0.00632051
0.00632997
0.00633944
0.00634893
0.00635843
0.00636794
0.00637747
0.00638701
0.00639657
0.00640614
0.00641573
0.00642533
0.00643494
0.00644457
0.00645422
0.00646387
0.00647355
0.00648323
0.00649293
0.00650265
0.00651238
0.00652213
0.00653189
0.00654166
0.00655145
0.00656125
0.00657107
0.0065809
0.00659075
0.00660061
0.00661049
0.00662038
0.00663029
0.00664021
0.00665014
0.0066601
0.00667006
0.00668004
0.00669004
0.00670005
0.00671008
0.00672012
0.00673017
0.00674024
0.00675033
0.00676043
0.00677055
0.00678068
0.00679082
0.00680099
0.00681116
0.00682135
0.00683156
0.00684178
0.00685202
0.00686227
0.00687254
0.00688283
0.00689313
0.00690344
0.00691377
0.00692412
0.00693448
0.00694485
0.00695525
0.00696565
0.00697608
0.00698652
0.00699697
0.00700744
0.00701793
0.00702843
0.00703895
0.00704948
0.00706003
0.00707059
0.00708117
0.00709177
0.00710238
0.00711301
0.00712365
0.00713431
0.00714499
0.00715568
0.00716639
0.00717711
0.00718785
0.0071986
0.00720938
0.00722016
0.00723097
0.00724179
0.00725262
0.00726348
0.00727435
0.00728523
0.00729613
0.00730705
0.00731798
0.00732894
0.0073399
0.00735089
0.00736189
0.0073729
0.00738393
0.00739498
0.00740605
0.00741713
0.00742823
0.00743934
0.00745048
0.00746163
0.00747279
0.00748397
0.00749517
0.00750639
0.00751762
0.00752887
0.00754014
0.00755142
0.00756272
0.00757403
0.00758537
0.00759672
0.00760809
0.00761947
0.00763087
0.00764229
0.00765373
0.00766518
0.00767665
0.00768814
0.00769964
0.00771116
0.0077227
0.00773426
0.00774583
0.00775742
0.00776903
0.00778065
0.0077923
0.00780396
0.00781564
0.00782733
0.00783904
0.00785077
0.00786252
0.00787429
0.00788607
0.00789787
0.00790969
0.00792152
0.00793338
0.00794525
0.00795714
0.00796904
0.00798097
0.00799291
0.00800487
0.00801685
0.00802885
0.00804086
0.00805289
0.00806494
0.00807701
0.0080891
0.0081012
0.00811332
0.00812546
0.00813762
0.0081498
0.008162
0.00817421
0.00818644
0.00819869
0.00821096
0.00822325
0.00823555
0.00824787
0.00826022
0.00827258
0.00828495
0.00829735
0.00830977
0.0083222
0.00833466
0.00834713
0.00835962
0.00837213
0.00838465
0.0083972
0.00840977
0.00842235
0.00843495
0.00844758
0.00846022
0.00847288
0.00848555
0.00849825
0.00851097
0.0085237
0.00853646
0.00854923
0.00856203
0.00857484
0.00858767
0.00860052
0.00861339
0.00862628
0.00863919
0.00865211
0.00866506
0.00867803
0.00869101
0.00870402
0.00871704
0.00873009
0.00874315
0.00875623
0.00876933
0.00878246
0.0087956
0.00880876
0.00882194
0.00883514
0.00884836
0.0088616
0.00887486
0.00888814
0.00890144
0.00891476
0.0089281
0.00894146
0.00895484
0.00896824
0.00898166
0.0089951
0.00900856
0.00902204
0.00903554
0.00904906
0.0090626
0.00907617
0.00908975
0.00910335
0.00911697
0.00913061
0.00914428
0.00915796
0.00917166
0.00918539
0.00919913
0.0092129
0.00922668
0.00924049
0.00925432
0.00926816
0.00928203
0.00929592
0.00930983
0.00932376
0.00933772
0.00935169
0.00936568
0.0093797
0.00939373
0.00940779
0.00942187
0.00943596
0.00945008
0.00946423
0.00947839
0.00949257
0.00950677
0.009521
0.00953525
0.00954952
0.00956381
0.00957812
0.00959245
0.0096068
0.00962118
0.00963558
0.00964999
0.00966443
0.0096789
0.00969338
0.00970788
0.00972241
0.00973696
0.00975153
0.00976612
0.00978073
0.00979537
0.00981003
0.00982471
0.00983941
0.00985413
0.00986888
0.00988364
0.00989843
0.00991325
0.00992808
0.00994294
0.00995781
0.00997271
0.00998764
0.0100026
0.0100176
0.0100325
0.0100476
0.0100626
0.0100776
0.0100927
0.0101078
0.010123
0.0101381
0.0101533
0.0101685
0.0101837
0.0101989
0.0102142
0.0102295
0.0102448
0.0102601
0.0102755
0.0102908
0.0103062
0.0103217
0.0103371
0.0103526
0.0103681
0.0103836
0.0103991
0.0104147
0.0104303
0.0104459
0.0104615
0.0104771
0.0104928
0.0105085
0.0105242
0.01054
0.0105558
0.0105716
0.0105874
0.0106032
0.0106191
0.010635
0.0106509
0.0106668
0.0106828
0.0106988
0.0107148
0.0107308
0.0107469
0.010763
0.0107791
0.0107952
0.0108114
0.0108275
0.0108437
0.01086
0.0108762
0.0108925
0.0109088
0.0109251
0.0109415
0.0109578
0.0109742
0.0109906
0.0110071
0.0110236
0.0110401
0.0110566
0.0110731
0.0110897
0.0111063
0.0111229
0.0111395
0.0111562
0.0111729
0.0111896
0.0112064
0.0112231
0.0112399
0.0112568
0.0112736
0.0112905
0.0113074
0.0113243
0.0113412
0.0113582
0.0113752
0.0113922
0.0114093
0.0114263
0.0114434
0.0114606
0.0114777
0.0114949
0.0115121
0.0115293
0.0115466
0.0115638
0.0115811
0.0115985
0.0116158
0.0116332
0.0116506
0.0116681
0.0116855
0.011703
0.0117205
0.011738
0.0117556
0.0117732
0.0117908
0.0118085
0.0118261
0.0118438
0.0118616
0.0118793
0.0118971
0.0119149
0.0119327
0.0119506
0.0119684
0.0119864
0.0120043
0.0120223
0.0120402
0.0120583
0.0120763
0.0120944
0.0121125
0.0121306
0.0121488
0.0121669
0.0121851
0.0122034
0.0122216
0.0122399
0.0122582
0.0122766
0.012295
0.0123133
0.0123318
0.0123502
0.0123687
0.0123872
0.0124058
0.0124243
0.0124429
0.0124615
0.0124802
0.0124988
0.0125176
0.0125363
0.012555
0.0125738
0.0125926
0.0126115
0.0126304
0.0126493
0.0126682
0.0126871
0.0127061
0.0127251
0.0127442
0.0127633
0.0127823
0.0128015
0.0128206
0.0128398
0.012859
0.0128783
0.0128975
0.0129168
0.0129362
0.0129555
0.0129749
0.0129943
0.0130138
0.0130332
0.0130527
0.0130723
0.0130918
0.0131114
0.0131311
0.0131507
0.0131704
0.0131901
0.0132098
0.0132296
0.0132494
0.0132692
0.0132891
0.013309
0.0133289
0.0133488
0.0133688
0.0133888
0.0134088
0.0134289
0.013449
0.0134691
0.0134893
0.0135095
0.0135297
0.0135499
0.0135702
0.0135905
0.0136108
0.0136312
0.0136516
0.013672
0.0136925
0.013713
0.0137335
0.013754
0.0137746
0.0137952
0.0138159
0.0138366
0.0138573
0.013878
0.0138988
0.0139196
0.0139404
0.0139612
0.0139821
0.0140031
0.014024
0.014045
0.014066
0.0140871
0.0141081
0.0141293
0.0141504
0.0141716
0.0141928
0.014214
0.0142353
0.0142566
0.0142779
0.0142993
0.0143207
0.0143421
0.0143636
0.0143851
0.0144066
0.0144281
0.0144497
0.0144714
0.014493
0.0145147
0.0145364
0.0145582
0.01458
0.0146018
0.0146236
0.0146455
0.0146674
0.0146894
0.0147113
0.0147334
0.0147554
0.0147775
0.0147996
0.0148217
0.0148439
0.0148661
0.0148884
0.0149107
0.014933
0.0149553
0.0149777
0.0150001
0.0150226
0.015045
0.0150675
0.0150901
0.0151127
0.0151353
0.0151579
0.0151806
0.0152033
0.0152261
0.0152489
0.0152717
0.0152945
0.0153174
0.0153403
0.0153633
0.0153863
0.0154093
0.0154324
0.0154555
0.0154786
0.0155018
0.015525
0.0155482
0.0155714
0.0155947
0.0156181
0.0156415
0.0156649
0.0156883
0.0157118
0.0157353
0.0157588
0.0157824
0.015806
0.0158297
0.0158534
0.0158771
0.0159008
0.0159246
0.0159485
0.0159723
0.0159962
0.0160202
0.0160441
0.0160682
0.0160922
0.0161163
0.0161404
0.0161645
0.0161887
0.016213
0.0162372
0.0162615
0.0162858
0.0163102
0.0163346
0.0163591
0.0163835
0.0164081
0.0164326
0.0164572
0.0164818
0.0165065
0.0165312
0.0165559
0.0165807
0.0166055
0.0166304
0.0166552
0.0166802
0.0167051
0.0167301
0.0167552
0.0167802
0.0168053
0.0168305
0.0168557
0.0168809
0.0169062
0.0169315
0.0169568
0.0169822
0.0170076
0.017033
0.0170585
0.017084
0.0171096
0.0171352
0.0171608
0.0171865
0.0172122
0.017238
0.0172638
0.0172896
0.0173155
0.0173414
0.0173674
0.0173933
0.0174194
0.0174454
0.0174715
0.0174977
0.0175239
0.0175501
0.0175764
0.0176027
0.017629
0.0176554
0.0176818
0.0177083
0.0177348
0.0177613
0.0177879
0.0178145
0.0178411
0.0178678
0.0178946
0.0179214
0.0179482
0.017975
0.0180019
0.0180289
0.0180558
0.0180829
0.0181099
0.018137
0.0181642
0.0181913
0.0182186
0.0182458
0.0182731
0.0183005
0.0183279
0.0183553
0.0183827
0.0184102
0.0184378
0.0184654
0.018493
0.0185207
0.0185484
0.0185762
0.018604
0.0186318
0.0186597
0.0186876
0.0187156
0.0187436
0.0187716
0.0187997
0.0188278
0.018856
0.0188842
0.0189125
0.0189408
0.0189691
0.0189975
0.0190259
0.0190544
0.0190829
0.0191115
0.0191401
0.0191687
0.0191974
0.0192261
0.0192549
0.0192837
0.0193126
0.0193415
0.0193704
0.0193994
0.0194284
0.0194575
0.0194866
0.0195158
0.019545
0.0195742
0.0196035
0.0196328
0.0196622
0.0196916
0.0197211
0.0197506
0.0197802
0.0198098
0.0198394
0.0198691
0.0198988
0.0199286
0.0199584
0.0199883
0.0200182
0.0200482
0.0200782
0.0201082
0.0201383
0.0201684
0.0201986
0.0202288
0.0202591
0.0202894
0.0203198
0.0203502
0.0203806
0.0204111
0.0204417
0.0204723
0.0205029
0.0205336
0.0205643
0.0205951
0.0206259
0.0206568
0.0206877
0.0207186
0.0207496
0.0207807
0.0208118
0.0208429
0.0208741
0.0209053
0.0209366
0.0209679
0.0209993
0.0210307
0.0210622
0.0210937
0.0211253
0.0211569
0.0211886
0.0212203
0.021252
0.0212838
0.0213157
0.0213476
0.0213795
0.0214115
0.0214435
0.0214756
0.0215078
0.02154
0.0215722
0.0216045
0.0216368
0.0216692
0.0217016
0.0217341
0.0217666
0.0217992
0.0218318
0.0218644
0.0218972
0.0219299
0.0219627
0.0219956
0.0220285
0.0220615
0.0220945
0.0221276
0.0221607
0.0221938
0.022227
0.0222603
0.0222936
0.022327
0.0223604
0.0223938
0.0224274
0.0224609
0.0224945
0.0225282
0.0225619
0.0225957
0.0226295
0.0226633
0.0226972
0.0227312
0.0227652
0.0227993
0.0228334
0.0228676
0.0229018
0.0229361
0.0229704
0.0230047
0.0230392
0.0230736
0.0231082
0.0231428
0.0231774
0.0232121
0.0232468
0.0232816
0.0233164
0.0233513
0.0233863
0.0234212
0.0234563
0.0234914
0.0235265
0.0235618
0.023597
0.0236323
0.0236677
0.0237031
0.0237386
0.0237741
0.0238097
0.0238453
0.023881
0.0239167
0.0239525
0.0239883
0.0240242
0.0240602
0.0240962
0.0241322
0.0241684
0.0242045
0.0242407
0.024277
0.0243133
0.0243497
0.0243862
0.0244226
0.0244592
0.0244958
0.0245324
0.0245692
0.0246059
0.0246427
0.0246796
0.0247165
0.0247535
0.0247906
0.0248277
0.0248648
0.024902
0.0249393
0.0249766
0.025014
0.0250514
0.0250889
0.0251264
0.025164
0.0252017
0.0252394
0.0252772
0.025315
0.0253529
0.0253908
0.0254288
0.0254669
0.025505
0.0255431
0.0255814
0.0256196
0.025658
0.0256964
0.0257348
0.0257733
0.0258119
0.0258505
0.0258892
0.0259279
0.0259667
0.0260056
0.0260445
0.0260835
0.0261225
0.0261616
0.0262007
0.02624
0.0262792
0.0263185
0.0263579
0.0263974
0.0264369
0.0264764
0.026516
0.0265557
0.0265955
0.0266353
0.0266751
0.026715
0.026755
0.026795
0.0268351
0.0268753
0.0269155
0.0269558
0.0269961
0.0270365
0.027077
0.0271175
0.0271581
0.0271987
0.0272394
0.0272802
0.027321
0.0273619
0.0274028
0.0274438
0.0274849
0.027526
0.0275672
0.0276084
0.0276498
0.0276911
0.0277326
0.0277741
0.0278156
0.0278573
0.0278989
0.0279407
0.0279825
0.0280244
0.0280663
0.0281083
0.0281504
0.0281925
0.0282347
0.0282769
0.0283192
0.0283616
0.028404
0.0284465
0.0284891
0.0285317
0.0285744
0.0286172
0.02866
0.0287029
0.0287459
0.0287889
0.028832
0.0288751
0.0289183
0.0289616
0.0290049
0.0290483
0.0290918
0.0291353
0.0291789
0.0292226
0.0292663
0.0293101
0.029354
0.0293979
0.0294419
0.0294859
0.02953
0.0295742
0.0296185
0.0296628
0.0297072
0.0297516
0.0297962
0.0298408
0.0298854
0.0299301
0.0299749
0.0300198
0.0300647
0.0301097
0.0301547
0.0301999
0.030245
0.0302903
0.0303356
0.030381
0.0304265
0.030472
0.0305176
0.0305633
0.030609
0.0306548
0.0307007
0.0307466
0.0307926
0.0308387
0.0308849
0.0309311
0.0309774
0.0310237
0.0310701
0.0311166
0.0311632
0.0312098
0.0312565
0.0313033
0.0313501
0.031397
0.031444
0.0314911
0.0315382
0.0315854
0.0316327
0.03168
0.0317274
0.0317749
0.0318224
0.03187
0.0319177
0.0319655
0.0320133
0.0320612
0.0321092
0.0321572
0.0322054
0.0322536
0.0323018
0.0323502
0.0323986
0.032447
0.0324956
0.0325442
0.0325929
0.0326417
0.0326905
0.0327395
0.0327884
0.0328375
0.0328866
0.0329359
0.0329851
0.0330345
0.0330839
0.0331334
0.033183
0.0332327
0.0332824
0.0333322
0.0333821
0.033432
0.0334821
0.0335322
0.0335823
0.0336326
0.0336829
0.0337333
0.0337838
0.0338343
0.033885
0.0339357
0.0339865
0.0340373
0.0340883
0.0341393
0.0341903
0.0342415
0.0342927
0.0343441
0.0343955
0.0344469
0.0344985
0.0345501
0.0346018
0.0346536
0.0347054
0.0347574
0.0348094
0.0348614
0.0349136
0.0349659
0.0350182
0.0350706
0.0351231
0.0351756
0.0352283
0.035281
0.0353338
0.0353866
0.0354396
0.0354926
0.0355457
0.0355989
0.0356522
0.0357055
0.035759
0.0358125
0.0358661
0.0359197
0.0359735
0.0360273
0.0360812
0.0361352
0.0361893
0.0362434
0.0362977
0.036352
0.0364064
0.0364609
0.0365154
0.0365701
0.0366248
0.0366796
0.0367345
0.0367894
0.0368445
0.0368996
0.0369548
0.0370101
0.0370655
0.037121
0.0371765
0.0372322
0.0372879
0.0373437
0.0373995
0.0374555
0.0375116
0.0375677
0.0376239
0.0376802
0.0377366
0.0377931
0.0378496
0.0379062
0.037963
0.0380198
0.0380767
0.0381336
0.0381907
0.0382479
0.0383051
0.0383624
0.0384198
0.0384773
0.0385349
0.0385925
0.0386503
0.0387081
0.038766
0.0388241
0.0388821
0.0389403
0.0389986
0.039057
0.0391154
0.0391739
0.0392326
0.0392913
0.0393501
0.0394089
0.0394679
0.039527
0.0395861
0.0396453
0.0397047
0.0397641
0.0398236
0.0398832
0.0399429
0.0400026
0.0400625
0.0401224
0.0401825
0.0402426
0.0403028
0.0403631
0.0404235
0.040484
0.0405446
0.0406053
0.040666
0.0407269
0.0407878
0.0408489
0.04091
0.0409712
0.0410325
0.0410939
0.0411554
0.041217
0.0412787
0.0413404
0.0414023
0.0414642
0.0415263
0.0415884
0.0416507
0.041713
0.0417754
0.0418379
0.0419005
0.0419632
0.042026
0.0420889
0.0421519
0.0422149
0.0422781
0.0423414
0.0424047
0.0424682
0.0425317
0.0425954
0.0426591
0.042723
0.0427869
0.0428509
0.042915
0.0429792
0.0430436
0.043108
0.0431725
0.0432371
0.0433018
0.0433666
0.0434315
0.0434965
0.0435615
0.0436267
0.043692
0.0437574
0.0438229
0.0438884
0.0439541
0.0440199
0.0440858
0.0441517
0.0442178
0.044284
0.0443502
0.0444166
0.0444831
0.0445496
0.0446163
0.044683
0.0447499
0.0448169
0.0448839
0.0449511
0.0450184
0.0450857
0.0451532
0.0452208
0.0452884
0.0453562
0.0454241
0.045492
0.0455601
0.0456283
0.0456966
0.0457649
0.0458334
0.045902
0.0459707
0.0460395
0.0461084
0.0461774
0.0462465
0.0463157
0.046385
0.0464544
0.0465239
0.0465935
0.0466632
0.0467331
0.046803
0.046873
0.0469432
0.0470134
0.0470838
0.0471542
0.0472248
0.0472954
0.0473662
0.0474371
0.0475081
0.0475792
0.0476504
0.0477217
0.0477931
0.0478646
0.0479362
0.0480079
0.0480798
0.0481517
0.0482238
0.0482959
0.0483682
0.0484406
0.0485131
0.0485857
0.0486584
0.0487312
0.0488041
0.0488771
0.0489503
0.0490235
0.0490969
0.0491703
0.0492439
0.0493176
0.0493914
0.0494653
0.0495393
0.0496134
0.0496877
0.049762
0.0498365
0.0499111
0.0499858
0.0500606
0.0501355
0.0502105
0.0502856
0.0503609
0.0504362
0.0505117
0.0505873
0.050663
0.0507388
0.0508147
0.0508908
0.0509669
0.0510432
0.0511195
0.051196
0.0512727
0.0513494
0.0514262
0.0515032
0.0515802
0.0516574
0.0517347
0.0518121
0.0518897
0.0519673
0.0520451
0.0521229
0.0522009
0.0522791
0.0523573
0.0524356
0.0525141
0.0525927
0.0526714
0.0527502
0.0528291
0.0529082
0.0529873
0.0530666
0.053146
0.0532256
0.0533052
0.053385
0.0534649
0.0535449
0.053625
0.0537052
0.0537856
0.0538661
0.0539467
0.0540274
0.0541083
0.0541892
0.0542703
0.0543515
0.0544328
0.0545143
0.0545959
0.0546776
0.0547594
0.0548413
0.0549234
0.0550056
0.0550879
0.0551703
0.0552529
0.0553355
0.0554184
0.0555013
0.0555843
0.0556675
0.0557508
0.0558342
0.0559178
0.0560014
0.0560852
0.0561692
0.0562532
0.0563374
0.0564217
0.0565061
0.0565907
0.0566754
0.0567602
0.0568451
0.0569302
0.0570154
0.0571007
0.0571861
0.0572717
0.0573574
0.0574432
0.0575292
0.0576153
0.0577015
0.0577878
0.0578743
0.0579609
0.0580476
0.0581345
0.0582215
0.0583086
0.0583958
0.0584832
0.0585707
0.0586584
0.0587462
0.0588341
0.0589221
0.0590103
0.0590986
0.059187
0.0592756
0.0593643
0.0594531
0.0595421
0.0596312
0.0597204
0.0598098
0.0598993
0.0599889
0.0600787
0.0601686
0.0602586
0.0603488
0.0604391
0.0605295
0.0606201
0.0607108
0.0608016
0.0608926
0.0609837
0.061075
0.0611664
0.0612579
0.0613496
0.0614414
0.0615333
0.0616254
0.0617176
0.06181
0.0619024
0.0619951
0.0620878
0.0621807
0.0622738
0.062367
0.0624603
0.0625538
0.0626474
0.0627411
0.062835
0.062929
0.0630232
0.0631175
0.0632119
0.0633065
0.0634013
0.0634961
0.0635911
0.0636863
0.0637816
0.063877
0.0639726
0.0640684
0.0641642
0.0642602
0.0643564
0.0644527
0.0645491
0.0646457
0.0647425
0.0648393
0.0649364
0.0650335
0.0651309
0.0652283
0.0653259
0.0654237
0.0655216
0.0656196
0.0657178
0.0658161
0.0659146
0.0660133
0.066112
0.066211
0.06631
0.0664093
0.0665086
0.0666082
0.0667078
0.0668077
0.0669076
0.0670077
0.067108
0.0672084
0.067309
0.0674097
0.0675106
0.0676116
0.0677128
0.0678141
0.0679156
0.0680172
0.068119
0.0682209
0.068323
0.0684252
0.0685276
0.0686302
0.0687329
0.0688357
0.0689387
0.0690419
0.0691452
0.0692487
0.0693523
0.0694561
0.06956
0.0696641
0.0697683
0.0698727
0.0699773
0.070082
0.0701869
0.0702919
0.0703971
0.0705024
0.0706079
0.0707136
0.0708194
0.0709254
0.0710315
0.0711378
0.0712442
0.0713508
0.0714576
0.0715645
0.0716716
0.0717789
0.0718863
0.0719938
0.0721016
0.0722095
0.0723175
0.0724257
0.0725341
0.0726426
0.0727513
0.0728602
0.0729692
0.0730784
0.0731878
0.0732973
0.073407
0.0735168
0.0736268
0.073737
0.0738473
0.0739578
0.0740685
0.0741793
0.0742903
0.0744015
0.0745128
0.0746243
0.074736
0.0748478
0.0749598
0.075072
0.0751843
0.0752968
0.0754095
0.0755224
0.0756354
0.0757485
0.0758619
0.0759754
0.0760891
0.076203
0.076317
0.0764312
0.0765455
0.0766601
0.0767748
0.0768897
0.0770047
0.07712
0.0772354
0.0773509
0.0774667
0.0775826
0.0776987
0.077815
0.0779314
0.078048
0.0781648
0.0782818
0.0783989
0.0785162
0.0786337
0.0787514
0.0788692
0.0789872
0.0791054
0.0792238
0.0793424
0.0794611
0.07958
0.0796991
0.0798183
0.0799378
0.0800574
0.0801772
0.0802971
0.0804173
0.0805376
0.0806582
0.0807788
0.0808997
0.0810208
0.081142
0.0812634
0.081385
0.0815068
0.0816288
0.0817509
0.0818733
0.0819958
0.0821185
0.0822413
0.0823644
0.0824877
0.0826111
0.0827347
0.0828585
0.0829825
0.0831067
0.083231
0.0833556
0.0834803
0.0836052
0.0837303
0.0838556
0.0839811
0.0841068
0.0842326
0.0843587
0.0844849
0.0846113
0.0847379
0.0848647
0.0849917
0.0851189
0.0852463
0.0853738
0.0855016
0.0856295
0.0857577
0.085886
0.0860145
0.0861432
0.0862721
0.0864012
0.0865305
0.08666
0.0867897
0.0869195
0.0870496
0.0871798
0.0873103
0.0874409
0.0875718
0.0877028
0.0878341
0.0879655
0.0880971
0.088229
0.088361
0.0884932
0.0886256
0.0887582
0.0888911
0.0890241
0.0891573
0.0892907
0.0894243
0.0895581
0.0896921
0.0898263
0.0899608
0.0900954
0.0902302
0.0903652
0.0905004
0.0906358
0.0907715
0.0909073
0.0910433
0.0911796
0.091316
0.0914526
0.0915895
0.0917265
0.0918638
0.0920013
0.0921389
0.0922768
0.0924149
0.0925532
0.0926917
0.0928304
0.0929693
0.0931084
0.0932477
0.0933873
0.093527
0.093667
0.0938071
0.0939475
0.0940881
0.0942289
0.0943699
0.0945111
0.0946525
0.0947941
0.094936
0.095078
0.0952203
0.0953628
0.0955055
0.0956484
0.0957915
0.0959349
0.0960784
0.0962222
0.0963662
0.0965104
0.0966548
0.0967994
0.0969443
0.0970893
0.0972346
0.0973801
0.0975258
0.0976718
0.0978179
0.0979643
0.0981109
0.0982577
0.0984047
0.098552
0.0986994
0.0988471
0.0989951
0.0991432
0.0992915
0.0994401
0.0995889
0.0997379
0.0998872
0.100037
0.100186
0.100336
0.100486
0.100637
0.100787
0.100938
0.101089
0.10124
0.101392
0.101544
0.101696
0.101848
0.102
0.102153
0.102306
0.102459
0.102612
0.102766
0.102919
0.103073
0.103228
0.103382
0.103537
0.103692
0.103847
0.104002
0.104158
0.104314
0.10447
0.104626
0.104783
0.10494
0.105097
0.105254
0.105411
0.105569
0.105727
0.105885
0.106044
0.106202
0.106361
0.10652
0.10668
0.10684
0.106999
0.10716
0.10732
0.10748
0.107641
0.107802
0.107964
0.108125
0.108287
0.108449
0.108611
0.108774
0.108937
0.1091
0.109263
0.109426
0.10959
0.109754
0.109918
0.110083
0.110248
0.110413
0.110578
0.110743
0.110909
0.111075
0.111241
0.111408
0.111574
0.111741
0.111908
0.112076
0.112244
0.112412
0.11258
0.112748
0.112917
0.113086
0.113255
0.113425
0.113594
0.113764
0.113935
0.114105
0.114276
0.114447
0.114618
0.11479
0.114961
0.115133
0.115306
0.115478
0.115651
0.115824
0.115997
0.116171
0.116345
0.116519
0.116693
0.116868
0.117043
0.117218
0.117393
0.117569
0.117745
0.117921
0.118097
0.118274
0.118451
0.118628
0.118806
0.118984
0.119162
0.11934
0.119519
0.119697
0.119877
0.120056
0.120236
0.120416
0.120596
0.120776
0.120957
0.121138
0.121319
0.121501
0.121682
0.121865
0.122047
0.12223
0.122412
0.122596
0.122779
0.122963
0.123147
0.123331
0.123516
0.1237
0.123886
0.124071
0.124257
0.124443
0.124629
0.124815
0.125002
0.125189
0.125376
0.125564
0.125752
0.12594
0.126129
0.126317
0.126506
0.126696
0.126885
0.127075
0.127265
0.127456
0.127646
0.127837
0.128029
0.12822
0.128412
0.128604
0.128797
0.128989
0.129182
0.129376
0.129569
0.129763
0.129957
0.130152
0.130347
0.130542
0.130737
0.130933
0.131129
0.131325
0.131521
0.131718
0.131915
0.132113
0.13231
0.132508
0.132707
0.132905
0.133104
0.133303
0.133503
0.133702
0.133902
0.134103
0.134303
0.134504
0.134706
0.134907
0.135109
0.135311
0.135514
0.135717
0.13592
0.136123
0.136327
0.136531
0.136735
0.13694
0.137145
0.13735
0.137555
0.137761
0.137967
0.138174
0.13838
0.138588
0.138795
0.139003
0.139211
0.139419
0.139628
0.139836
0.140046
0.140255
0.140465
0.140675
0.140886
0.141097
0.141308
0.141519
0.141731
0.141943
0.142156
0.142368
0.142581
0.142795
0.143008
0.143222
0.143437
0.143651
0.143866
0.144081
0.144297
0.144513
0.144729
0.144946
0.145163
0.14538
0.145597
0.145815
0.146034
0.146252
0.146471
0.14669
0.14691
0.147129
0.14735
0.14757
0.147791
0.148012
0.148234
0.148455
0.148677
0.1489
0.149123
0.149346
0.149569
0.149793
0.150017
0.150242
0.150467
0.150692
0.150917
0.151143
0.151369
0.151596
0.151823
0.15205
0.152277
0.152505
0.152733
0.152962
0.153191
0.15342
0.15365
0.15388
0.15411
0.15434
0.154571
0.154803
0.155034
0.155266
0.155499
0.155731
0.155964
0.156198
0.156431
0.156666
0.1569
0.157135
0.15737
0.157605
0.157841
0.158077
0.158314
0.158551
0.158788
0.159026
0.159264
0.159502
0.159741
0.15998
0.160219
0.160459
0.160699
0.160939
0.16118
0.161421
0.161663
0.161905
0.162147
0.16239
0.162633
0.162876
0.16312
0.163364
0.163608
0.163853
0.164098
0.164344
0.16459
0.164836
0.165083
0.16533
0.165577
0.165825
0.166073
0.166322
0.166571
0.16682
0.167069
0.167319
0.16757
0.167821
0.168072
0.168323
0.168575
0.168827
0.16908
0.169333
0.169586
0.16984
0.170094
0.170349
0.170604
0.170859
0.171115
0.171371
0.171627
0.171884
0.172141
0.172399
0.172657
0.172915
0.173174
0.173433
0.173692
0.173952
0.174213
0.174473
0.174734
0.174996
0.175258
0.17552
0.175783
0.176046
0.176309
0.176573
0.176837
0.177102
0.177367
0.177632
0.177898
0.178164
0.178431
0.178698
0.178965
0.179233
0.179501
0.17977
0.180039
0.180308
0.180578
0.180848
0.181119
0.18139
0.181661
0.181933
0.182205
0.182478
0.182751
0.183024
0.183298
0.183573
0.183847
0.184122
0.184398
0.184674
0.18495
0.185227
0.185504
0.185782
0.18606
0.186338
0.186617
0.186896
0.187176
0.187456
0.187736
0.188017
0.188299
0.18858
0.188863
0.189145
0.189428
0.189712
0.189996
0.19028
0.190565
0.19085
0.191135
0.191421
0.191708
0.191995
0.192282
0.19257
0.192858
0.193147
0.193436
0.193725
0.194015
0.194305
0.194596
0.194887
0.195179
0.195471
0.195763
0.196056
0.19635
0.196643
0.196938
0.197232
0.197528
0.197823
0.198119
0.198416
0.198712
0.19901
0.199308
0.199606
0.199905
0.200204
0.200503
0.200803
0.201104
0.201405
0.201706
0.202008
0.20231
0.202613
0.202916
0.20322
0.203524
0.203828
0.204133
0.204439
0.204745
0.205051
0.205358
0.205665
0.205973
0.206281
0.20659
0.206899
0.207209
0.207519
0.207829
0.20814
0.208452
0.208764
0.209076
0.209389
0.209702
0.210016
0.21033
0.210645
0.21096
0.211276
0.211592
0.211909
0.212226
0.212543
0.212861
0.21318
0.213499
0.213818
0.214138
0.214459
0.21478
0.215101
0.215423
0.215745
0.216068
0.216391
0.216715
0.217039
0.217364
0.217689
0.218015
0.218341
0.218668
0.218995
0.219323
0.219651
0.21998
0.220309
0.220639
0.220969
0.2213
0.221631
0.221962
0.222294
0.222627
0.22296
0.223294
0.223628
0.223963
0.224298
0.224633
0.22497
0.225306
0.225643
0.225981
0.226319
0.226658
0.226997
0.227337
0.227677
0.228018
0.228359
0.2287
0.229043
0.229385
0.229729
0.230072
0.230417
0.230761
0.231107
0.231453
0.231799
0.232146
0.232493
0.232841
0.233189
0.233538
0.233888
0.234238
0.234588
0.234939
0.235291
0.235643
0.235996
0.236349
0.236702
0.237057
0.237411
0.237767
0.238122
0.238479
0.238836
0.239193
0.239551
0.239909
0.240268
0.240628
0.240988
0.241349
0.24171
0.242071
0.242434
0.242796
0.24316
0.243524
0.243888
0.244253
0.244618
0.244984
0.245351
0.245718
0.246086
0.246454
0.246823
0.247192
0.247562
0.247933
0.248304
0.248675
0.249047
0.24942
0.249793
0.250167
0.250541
0.250916
0.251292
0.251668
0.252044
0.252421
0.252799
0.253177
0.253556
0.253936
0.254316
0.254696
0.255077
0.255459
0.255841
0.256224
0.256607
0.256991
0.257376
0.257761
0.258147
0.258533
0.25892
0.259307
0.259695
0.260084
0.260473
0.260863
0.261253
0.261644
0.262036
0.262428
0.262821
0.263214
0.263608
0.264002
0.264397
0.264793
0.265189
0.265586
0.265983
0.266381
0.26678
0.267179
0.267579
0.267979
0.26838
0.268782
0.269184
0.269587
0.26999
0.270394
0.270799
0.271204
0.27161
0.272016
0.272423
0.272831
0.273239
0.273648
0.274058
0.274468
0.274879
0.27529
0.275702
0.276114
0.276528
0.276941
0.277356
0.277771
0.278186
0.278603
0.27902
0.279437
0.279855
0.280274
0.280693
0.281113
0.281534
0.281955
0.282377
0.2828
0.283223
0.283647
0.284071
0.284496
0.284922
0.285348
0.285775
0.286203
0.286631
0.28706
0.28749
0.28792
0.288351
0.288782
0.289214
0.289647
0.290081
0.290515
0.290949
0.291385
0.291821
0.292257
0.292695
0.293133
0.293571
0.294011
0.294451
0.294891
0.295332
0.295774
0.296217
0.29666
0.297104
0.297549
0.297994
0.29844
0.298886
0.299334
0.299782
0.30023
0.300679
0.301129
0.30158
0.302031
0.302483
0.302936
0.303389
0.303843
0.304298
0.304753
0.305209
0.305666
0.306123
0.306581
0.30704
0.3075
0.30796
0.30842
0.308882
0.309344
0.309807
0.310271
0.310735
0.3112
0.311666
0.312132
0.312599
0.313067
0.313535
0.314004
0.314474
0.314945
0.315416
0.315888
0.316361
0.316834
0.317308
0.317783
0.318259
0.318735
0.319212
0.319689
0.320168
0.320647
0.321127
0.321607
0.322089
0.32257
0.323053
0.323537
0.324021
0.324506
0.324991
0.325477
0.325964
0.326452
0.326941
0.32743
0.32792
0.328411
0.328902
0.329394
0.329887
0.330381
0.330875
0.33137
0.331866
0.332363
0.33286
0.333358
0.333857
0.334356
0.334857
0.335358
0.33586
0.336362
0.336866
0.33737
0.337875
0.33838
0.338886
0.339394
0.339901
0.34041
0.340919
0.34143
0.34194
0.342452
0.342965
0.343478
0.343992
0.344506
0.345022
0.345538
0.346055
0.346573
0.347092
0.347611
0.348131
0.348652
0.349174
0.349696
0.35022
0.350744
0.351269
0.351794
0.352321
0.352848
0.353376
0.353905
0.354434
0.354965
0.355496
0.356028
0.35656
0.357094
0.357628
0.358163
0.358699
0.359236
0.359774
0.360312
0.360851
0.361391
0.361932
0.362474
0.363016
0.363559
0.364103
0.364648
0.365194
0.36574
0.366287
0.366836
0.367384
0.367934
0.368485
0.369036
0.369588
0.370141
0.370695
0.37125
0.371806
0.372362
0.372919
0.373477
0.374036
0.374596
0.375156
0.375718
0.37628
0.376843
0.377407
0.377971
0.378537
0.379103
0.379671
0.380239
0.380808
0.381378
0.381948
0.38252
0.383092
0.383666
0.38424
0.384815
0.38539
0.385967
0.386545
0.387123
0.387702
0.388283
0.388864
0.389445
0.390028
0.390612
0.391196
0.391782
0.392368
0.392955
0.393543
0.394132
0.394722
0.395312
0.395904
0.396496
0.39709
0.397684
0.398279
0.398875
0.399472
0.40007
0.400668
0.401268
0.401868
0.40247
0.403072
0.403675
0.404279
0.404884
0.40549
0.406097
0.406704
0.407313
0.407922
0.408533
0.409144
0.409756
0.410369
0.410983
0.411598
0.412214
0.412831
0.413449
0.414068
0.414687
0.415308
0.415929
0.416552
0.417175
0.417799
0.418424
0.41905
0.419678
0.420306
0.420934
0.421564
0.422195
0.422827
0.42346
0.424093
0.424728
0.425363
0.426
0.426637
0.427276
0.427915
0.428555
0.429197
0.429839
0.430482
0.431126
0.431771
0.432418
0.433065
0.433713
0.434362
0.435012
0.435663
0.436314
0.436967
0.437621
0.438276
0.438932
0.439589
0.440246
0.440905
0.441565
0.442226
0.442887
0.44355
0.444214
0.444879
0.445544
0.446211
0.446879
0.447547
0.448217
0.448888
0.44956
0.450232
0.450906
0.451581
0.452256
0.452933
0.453611
0.45429
0.454969
0.45565
0.456332
0.457015
0.457699
0.458384
0.45907
0.459757
0.460445
0.461134
0.461824
0.462515
0.463207
0.4639
0.464594
0.465289
0.465985
0.466683
0.467381
0.46808
0.468781
0.469482
0.470185
0.470888
0.471593
0.472299
0.473005
0.473713
0.474422
0.475132
0.475843
0.476555
0.477268
0.477982
0.478698
0.479414
0.480131
0.48085
0.481569
0.48229
0.483012
0.483734
0.484458
0.485183
0.485909
0.486636
0.487364
0.488094
0.488824
0.489556
0.490288
0.491022
0.491756
0.492492
0.493229
0.493967
0.494707
0.495447
0.496188
0.496931
0.497674
0.498419
0.499165
0.499912
0.50066
0.501409
0.502159
0.502911
0.503663
0.504417
0.505172
0.505928
0.506685
0.507443
0.508202
0.508963
0.509724
0.510487
0.511251
0.512016
0.512782
0.513549
0.514318
0.515087
0.515858
0.51663
0.517403
0.518177
0.518953
0.519729
0.520507
0.521286
0.522066
0.522847
0.52363
0.524413
0.525198
0.525984
0.526771
0.527559
0.528348
0.529139
0.529931
0.530724
0.531518
0.532313
0.53311
0.533908
0.534706
0.535507
0.536308
0.53711
0.537914
0.538719
0.539525
0.540333
0.541141
0.541951
0.542762
0.543574
0.544387
0.545202
0.546018
0.546835
0.547653
0.548473
0.549293
0.550115
0.550938
0.551763
0.552588
0.553415
0.554243
0.555073
0.555903
0.556735
0.557568
0.558403
0.559238
0.560075
0.560913
0.561753
0.562593
0.563435
0.564278
0.565122
0.565968
0.566815
0.567663
0.568513
0.569363
0.570215
0.571069
0.571923
0.572779
0.573636
0.574494
0.575354
0.576215
0.577077
0.577941
0.578805
0.579672
0.580539
0.581408
0.582278
0.583149
0.584022
0.584896
0.585771
0.586647
0.587525
0.588404
0.589285
0.590167
0.59105
0.591934
0.59282
0.593707
0.594595
0.595485
0.596376
0.597269
0.598162
0.599057
0.599954
0.600852
0.601751
0.602651
0.603553
0.604456
0.605361
0.606266
0.607174
0.608082
0.608992
0.609903
0.610816
0.61173
0.612645
0.613562
0.61448
0.6154
0.616321
0.617243
0.618166
0.619091
0.620018
0.620946
0.621875
0.622805
0.623737
0.624671
0.625605
0.626542
0.627479
0.628418
0.629358
0.6303
0.631243
0.632188
0.633134
0.634081
0.63503
0.63598
0.636932
0.637885
0.63884
0.639796
0.640753
0.641712
0.642672
0.643634
0.644597
0.645561
0.646527
0.647495
0.648464
0.649434
0.650406
0.651379
0.652354
0.65333
0.654308
0.655287
0.656267
0.657249
0.658233
0.659218
0.660204
0.661192
0.662181
0.663172
0.664165
0.665158
0.666154
0.667151
0.668149
0.669149
0.67015
0.671153
0.672157
0.673163
0.67417
0.675179
0.676189
0.677201
0.678214
0.679229
0.680246
0.681264
0.682283
0.683304
0.684326
0.68535
0.686376
0.687403
0.688432
0.689462
0.690494
0.691527
0.692562
0.693598
0.694636
0.695675
0.696716
0.697759
0.698803
0.699849
0.700896
0.701945
0.702995
0.704047
0.7051
0.706155
0.707212
0.70827
0.70933
0.710392
0.711455
0.712519
0.713585
0.714653
0.715723
0.716794
0.717866
0.71894
0.720016
0.721094
0.722173
0.723253
0.724336
0.725419
0.726505
0.727592
0.728681
0.729771
0.730863
0.731957
0.733052
0.734149
0.735248
0.736348
0.73745
0.738553
0.739658
0.740765
0.741874
0.742984
0.744096
0.745209
0.746324
0.747441
0.748559
0.749679
0.750801
0.751925
0.75305
0.754177
0.755305
0.756435
0.757567
0.758701
0.759836
0.760973
0.762112
0.763252
0.764394
0.765538
0.766684
0.767831
0.76898
0.770131
0.771283
0.772437
0.773593
0.774751
0.77591
0.777071
0.778234
0.779398
0.780565
0.781733
0.782902
0.784074
0.785247
0.786422
0.787599
0.788778
0.789958
0.79114
0.792324
0.793509
0.794697
0.795886
0.797077
0.79827
0.799464
0.80066
0.801859
0.803058
0.80426
0.805464
0.806669
0.807876
0.809085
0.810295
0.811508
0.812722
0.813938
0.815156
0.816376
0.817598
0.818821
0.820046
0.821274
0.822502
0.823733
0.824966
0.8262
0.827437
0.828675
0.829915
0.831157
0.8324
0.833646
0.834893
0.836143
0.837394
0.838647
0.839902
0.841159
0.842417
0.843678
0.84494
0.846205
0.847471
0.848739
0.850009
0.851281
0.852555
0.853831
0.855108
0.856388
0.857669
0.858953
0.860238
0.861525
0.862814
0.864106
0.865399
0.866694
0.86799
0.869289
0.87059
0.871893
0.873197
0.874504
0.875813
0.877123
0.878436
0.87975
0.881067
0.882385
0.883705
0.885028
0.886352
0.887678
0.889007
0.890337
0.891669
0.893004
0.89434
0.895678
0.897018
0.898361
0.899705
0.901051
0.9024
0.90375
0.905102
0.906457
0.907813
0.909171
0.910532
0.911894
0.913259
0.914625
0.915994
0.917365
0.918737
0.920112
0.921489
0.922868
0.924249
0.925632
0.927017
0.928404
0.929793
0.931185
0.932578
0.933974
0.935371
0.936771
0.938173
0.939576
0.940982
0.942391
0.943801
0.945213
0.946627
0.948044
0.949462
0.950883
0.952306
0.953731
0.955158
0.956588
0.958019
0.959453
0.960888
0.962326
0.963766
0.965208
0.966653
0.968099
0.969548
0.970998
0.972451
0.973907
0.975364
0.976823
0.978285
0.979749
0.981215
0.982683
0.984154
0.985626
0.987101
0.988578
0.990058
0.991539
0.993023
0.994509
0.995997
0.997487
0.99898
1.00047
1.00197
1.00347
1.00497
1.00648
1.00798
1.00949
1.011
1.01251
1.01403
1.01555
1.01707
1.01859
1.02011
1.02164
1.02317
1.0247
1.02623
1.02777
1.02931
1.03085
1.03239
1.03393
1.03548
1.03703
1.03858
1.04014
1.04169
1.04325
1.04481
1.04638
1.04794
1.04951
1.05108
1.05265
1.05423
1.05581
1.05739
1.05897
1.06055
1.06214
1.06373
1.06532
1.06691
1.06851
1.07011
1.07171
1.07331
1.07492
1.07653
1.07814
1.07975
1.08137
1.08299
1.08461
1.08623
1.08786
1.08948
1.09111
1.09275
1.09438
1.09602
1.09766
1.0993
1.10095
1.10259
1.10424
1.1059
1.10755
1.10921
1.11087
1.11253
1.1142
1.11586
1.11753
1.11921
1.12088
1.12256
1.12424
1.12592
1.1276
1.12929
1.13098
1.13267
1.13437
1.13607
1.13777
1.13947
1.14117
1.14288
1.14459
1.1463
1.14802
1.14974
1.15146
1.15318
1.15491
1.15663
1.15837
1.1601
1.16183
1.16357
1.16531
1.16706
1.1688
1.17055
1.1723
1.17406
1.17582
1.17758
1.17934
1.1811
1.18287
1.18464
1.18641
1.18819
1.18997
1.19175
1.19353
1.19532
1.1971
1.1989
1.20069
1.20249
1.20429
1.20609
1.20789
1.2097
1.21151
1.21332
1.21514
1.21696
1.21878
1.2206
1.22243
1.22426
1.22609
1.22792
1.22976
1.2316
1.23344
1.23529
1.23714
1.23899
1.24084
1.2427
1.24456
1.24642
1.24829
1.25016
1.25203
1.2539
1.25578
1.25765
1.25954
1.26142
1.26331
1.2652
1.26709
1.26899
1.27089
1.27279
1.27469
1.2766
1.27851
1.28042
1.28234
1.28426
1.28618
1.28811
1.29003
1.29196
1.2939
1.29583
1.29777
1.29971
1.30166
1.30361
1.30556
1.30751
1.30947
1.31143
1.31339
1.31535
1.31732
1.31929
1.32127
1.32325
1.32523
1.32721
1.32919
1.33118
1.33318
1.33517
1.33717
1.33917
1.34117
1.34318
1.34519
1.3472
1.34922
1.35124
1.35326
1.35528
1.35731
1.35934
1.36138
1.36341
1.36546
1.3675
1.36954
1.37159
1.37365
1.3757
1.37776
1.37982
1.38189
1.38395
1.38603
1.3881
1.39018
1.39226
1.39434
1.39643
1.39852
1.40061
1.4027
1.4048
1.40691
1.40901
1.41112
1.41323
1.41535
1.41746
1.41958
1.42171
1.42384
1.42597
1.4281
1.43024
1.43238
1.43452
1.43667
1.43882
1.44097
1.44313
1.44529
1.44745
1.44962
1.45178
1.45396
1.45613
1.45831
1.46049
1.46268
1.46487
1.46706
1.46925
1.47145
1.47366
1.47586
1.47807
1.48028
1.4825
1.48471
1.48694
1.48916
1.49139
1.49362
1.49586
1.49809
1.50034
1.50258
1.50483
1.50708
1.50934
1.51159
1.51386
1.51612
1.51839
1.52066
1.52294
1.52522
1.5275
1.52979
1.53207
1.53437
1.53666
1.53896
1.54126
1.54357
1.54588
1.54819
1.55051
1.55283
1.55515
1.55748
1.55981
1.56215
1.56448
1.56683
1.56917
1.57152
1.57387
1.57622
1.57858
1.58095
1.58331
1.58568
1.58805
1.59043
1.59281
1.59519
1.59758
1.59997
1.60236
1.60476
1.60716
1.60957
1.61198
1.61439
1.6168
1.61922
1.62165
1.62407
1.6265
1.62894
1.63137
1.63382
1.63626
1.63871
1.64116
1.64362
1.64608
1.64854
1.65101
1.65348
1.65595
1.65843
1.66091
1.6634
1.66589
1.66838
1.67087
1.67337
1.67588
1.67839
1.6809
1.68341
1.68593
1.68846
1.69098
1.69351
1.69605
1.69858
1.70113
1.70367
1.70622
1.70877
1.71133
1.71389
1.71646
1.71902
1.7216
1.72417
1.72675
1.72934
1.73192
1.73452
1.73711
1.73971
1.74231
1.74492
1.74753
1.75015
1.75277
1.75539
1.75802
1.76065
1.76328
1.76592
1.76856
1.77121
1.77386
1.77651
1.77917
1.78183
1.7845
1.78717
1.78985
1.79252
1.79521
1.79789
1.80058
1.80328
1.80597
1.80868
1.81138
1.81409
1.81681
1.81953
1.82225
1.82498
1.82771
1.83044
1.83318
1.83592
1.83867
1.84142
1.84418
1.84694
1.8497
1.85247
1.85524
1.85802
1.8608
1.86358
1.86637
1.86916
1.87196
1.87476
1.87757
1.88038
1.88319
1.88601
1.88883
1.89166
1.89449
1.89732
1.90016
1.90301
1.90585
1.90871
1.91156
1.91442
1.91729
1.92016
1.92303
1.92591
1.92879
1.93167
1.93456
1.93746
1.94036
1.94326
1.94617
1.94908
1.952
1.95492
1.95784
1.96077
1.96371
1.96665
1.96959
1.97254
1.97549
1.97844
1.98141
1.98437
1.98734
1.99031
1.99329
1.99627
1.99926
2.00225
2.00525
2.00825
2.01126
2.01426
2.01728
2.0203
2.02332
2.02635
2.02938
2.03242
2.03546
2.0385
2.04155
2.04461
2.04767
2.05073
2.0538
2.05687
2.05995
2.06304
2.06612
2.06921
2.07231
2.07541
2.07852
2.08163
2.08474
2.08786
2.09099
2.09411
2.09725
2.10039
2.10353
2.10668
2.10983
2.11299
2.11615
2.11931
2.12249
2.12566
2.12884
2.13203
2.13522
2.13841
2.14161
2.14482
2.14803
2.15124
2.15446
2.15769
2.16091
2.16415
2.16739
2.17063
2.17388
2.17713
2.18039
2.18365
2.18692
2.19019
2.19347
2.19675
2.20004
2.20333
2.20663
2.20993
2.21324
2.21655
2.21986
2.22319
2.22651
2.22984
2.23318
2.23652
2.23987
2.24322
2.24658
2.24994
2.25331
2.25668
2.26005
2.26344
2.26682
2.27022
2.27361
2.27701
2.28042
2.28383
2.28725
2.29067
2.2941
2.29753
2.30097
2.30442
2.30786
2.31132
2.31478
2.31824
2.32171
2.32518
2.32866
2.33215
2.33564
2.33913
2.34263
2.34614
2.34965
2.35316
2.35669
2.36021
2.36374
2.36728
2.37082
2.37437
2.37792
2.38148
2.38505
2.38861
2.39219
2.39577
2.39935
2.40294
2.40654
2.41014
2.41375
2.41736
2.42098
2.4246
2.42823
2.43186
2.4355
2.43914
2.44279
2.44645
2.45011
2.45378
2.45745
2.46112
2.46481
2.4685
2.47219
2.47589
2.47959
2.4833
2.48702
2.49074
2.49447
2.4982
2.50194
2.50568
2.50943
2.51319
2.51695
2.52071
2.52449
2.52826
2.53205
2.53584
2.53963
2.54343
2.54724
2.55105
2.55487
2.55869
2.56252
2.56635
2.57019
2.57404
2.57789
2.58175
2.58561
2.58948
2.59335
2.59724
2.60112
2.60501
2.60891
2.61282
2.61673
2.62064
2.62456
2.62849
2.63242
2.63636
2.64031
2.64426
2.64822
2.65218
2.65615
2.66012
2.6641
2.66809
2.67208
2.67608
2.68008
2.68409
2.68811
2.69213
2.69616
2.7002
2.70424
2.70828
2.71234
2.71639
2.72046
2.72453
2.72861
2.73269
2.73678
2.74087
2.74498
2.74908
2.7532
2.75732
2.76144
2.76557
2.76971
2.77386
2.77801
2.78216
2.78633
2.7905
2.79467
2.79885
2.80304
2.80724
2.81144
2.81565
2.81986
2.82408
2.8283
2.83254
2.83677
2.84102
2.84527
2.84953
2.85379
2.85806
2.86234
2.86662
2.87091
2.87521
2.87951
2.88382
2.88813
2.89246
2.89678
2.90112
2.90546
2.90981
2.91416
2.91852
2.92289
2.92726
2.93164
2.93603
2.94042
2.94482
2.94923
2.95364
2.95806
2.96249
2.96692
2.97136
2.97581
2.98026
2.98472
2.98919
2.99366
2.99814
3.00263
3.00712
3.01162
3.01613
3.02064
3.02516
3.02969
3.03422
3.03876
3.04331
3.04786
3.05242
3.05699
3.06156
3.06614
3.07073
3.07533
3.07993
3.08454
3.08915
3.09378
3.09841
3.10304
3.10769
3.11234
3.11699
3.12166
3.12633
3.13101
3.13569
3.14038
3.14508
3.14979
3.1545
3.15922
3.16395
3.16868
3.17343
3.17817
3.18293
3.18769
3.19246
3.19724
3.20202
3.20682
3.21161
3.21642
3.22123
3.22605
3.23088
3.23572
3.24056
3.24541
3.25026
3.25513
3.26
3.26488
3.26976
3.27465
3.27955
3.28446
3.28938
3.2943
3.29923
3.30416
3.30911
3.31406
3.31902
3.32399
3.32896
3.33394
3.33893
3.34393
3.34893
3.35394
3.35896
3.36399
3.36902
3.37406
3.37911
3.38417
3.38923
3.3943
3.39938
3.40447
3.40956
3.41466
3.41977
3.42489
3.43002
3.43515
3.44029
3.44544
3.45059
3.45576
3.46093
3.46611
3.47129
3.47649
3.48169
3.4869
3.49212
3.49734
3.50258
3.50782
3.51307
3.51832
3.52359
3.52886
3.53414
3.53943
3.54473
3.55003
3.55534
3.56066
3.56599
3.57133
3.57667
3.58202
3.58738
3.59275
3.59813
3.60351
3.6089
3.6143
3.61971
3.62513
3.63055
3.63599
3.64143
3.64687
3.65233
3.6578
3.66327
3.66875
3.67424
3.67974
3.68525
3.69076
3.69628
3.70181
3.70735
3.7129
3.71846
3.72402
3.72959
3.73518
3.74076
3.74636
3.75197
3.75758
3.7632
3.76884
3.77448
3.78012
3.78578
3.79145
3.79712
3.8028
3.80849
3.81419
3.8199
3.82561
3.83134
3.83707
3.84281
3.84856
3.85432
3.86009
3.86587
3.87165
3.87744
3.88325
3.88906
3.89488
3.9007
3.90654
3.91239
3.91824
3.9241
3.92998
3.93586
3.94175
3.94764
3.95355
3.95947
3.96539
3.97133
3.97727
3.98322
3.98918
3.99515
4.00113
4.00712
4.01311
4.01912
4.02513
4.03115
4.03719
4.04323
4.04928
4.05534
4.06141
4.06748
4.07357
4.07966
4.08577
4.09188
4.09801
4.10414
4.11028
4.11643
4.12259
4.12876
4.13494
4.14112
4.14732
4.15353
4.15974
4.16597
4.1722
4.17844
4.1847
4.19096
4.19723
4.20351
4.2098
4.2161
4.22241
4.22873
4.23505
4.24139
4.24774
4.25409
4.26046
4.26684
4.27322
4.27961
4.28602
4.29243
4.29885
4.30529
4.31173
4.31818
4.32464
4.33111
4.3376
4.34409
4.35059
4.3571
4.36362
4.37015
4.37669
4.38323
4.38979
4.39636
4.40294
4.40953
4.41613
4.42274
4.42935
4.43598
4.44262
4.44927
4.45593
4.46259
4.46927
4.47596
4.48266
4.48936
4.49608
4.50281
4.50955
4.5163
4.52305
4.52982
4.5366
4.54339
4.55019
4.557
4.56382
4.57064
4.57748
4.58433
4.59119
4.59806
4.60494
4.61183
4.61874
4.62565
4.63257
4.6395
4.64644
4.6534
4.66036
4.66733
4.67432
4.68131
4.68832
4.69533
4.70236
4.70939
4.71644
4.7235
4.73057
4.73765
4.74473
4.75183
4.75895
4.76607
4.7732
4.78034
4.78749
4.79466
4.80183
4.80902
4.81621
4.82342
4.83064
4.83787
4.84511
4.85236
4.85962
4.86689
4.87417
4.88147
4.88877
4.89609
4.90341
4.91075
4.9181
4.92546
4.93283
4.94021
4.9476
4.955
4.96242
4.96984
4.97728
4.98473
4.99219
4.99966
5.00714
5.01463
5.02214
5.02965
5.03718
5.04471
5.05226
5.05982
5.06739
5.07498
5.08257
5.09018
5.09779
5.10542
5.11306
5.12071
5.12837
5.13605
5.14373
5.15143
5.15914
5.16686
5.17459
5.18233
5.19009
5.19786
5.20563
5.21342
5.22122
5.22904
5.23686
5.2447
5.25255
5.26041
5.26828
5.27616
5.28406
5.29196
5.29988
5.30781
5.31575
5.32371
5.33168
5.33965
5.34764
5.35565
5.36366
5.37169
5.37972
5.38777
5.39584
5.40391
5.412
5.42009
5.42821
5.43633
5.44446
5.45261
5.46077
5.46894
5.47712
5.48532
5.49353
5.50175
5.50998
5.51823
5.52648
5.53475
5.54303
5.55133
5.55964
5.56796
5.57629
5.58463
5.59299
5.60136
5.60974
5.61813
5.62654
5.63496
5.64339
5.65184
5.66029
5.66876
5.67725
5.68574
5.69425
5.70277
5.7113
5.71985
5.72841
5.73698
5.74556
5.75416
5.76277
5.7714
5.78003
5.78868
5.79734
5.80602
5.81471
5.82341
5.83212
5.84085
5.84959
5.85834
5.86711
5.87589
5.88468
5.89349
5.9023
5.91114
5.91998
5.92884
5.93771
5.9466
5.9555
5.96441
5.97333
5.98227
5.99122
6.00019
6.00917
6.01816
6.02716
6.03618
6.04521
6.05426
6.06332
6.07239
6.08148
6.09058
6.09969
6.10882
6.11796
6.12712
6.13628
6.14547
6.15466
6.16387
6.1731
6.18233
6.19158
6.20085
6.21013
6.21942
6.22873
6.23805
6.24738
6.25673
6.26609
6.27547
6.28486
6.29426
6.30368
6.31312
6.32256
6.33202
6.3415
6.35099
6.36049
6.37001
6.37954
6.38909
6.39865
6.40822
6.41781
6.42741
6.43703
6.44666
6.45631
6.46597
6.47565
6.48534
6.49504
6.50476
6.51449
6.52424
6.53401
6.54378
6.55358
6.56338
6.5732
6.58304
6.59289
6.60275
6.61264
6.62253
6.63244
6.64236
6.6523
6.66226
6.67223
6.68221
6.69221
6.70222
6.71225
6.7223
6.73236
6.74243
6.75252
6.76262
6.77274
6.78288
6.79303
6.80319
6.81337
6.82357
6.83378
6.84401
6.85425
6.8645
6.87477
6.88506
6.89536
6.90568
6.91602
6.92637
6.93673
6.94711
6.9575
6.96792
6.97834
6.98878
6.99924
7.00972
7.02021
7.03071
7.04123
7.05177
7.06232
7.07289
7.08347
7.09407
7.10469
7.11532
7.12596
7.13663
7.14731
7.158
7.16871
7.17944
7.19018
7.20094
7.21172
7.22251
7.23332
7.24414
7.25498
7.26584
7.27671
7.2876
7.2985
7.30942
7.32036
7.33131
7.34229
7.35327
7.36428
7.37529
7.38633
7.39738
7.40845
7.41954
7.43064
7.44176
7.4529
7.46405
7.47522
7.4864
7.49761
7.50882
7.52006
7.53131
7.54258
7.55387
7.56517
7.57649
7.58783
7.59918
7.61056
7.62194
7.63335
7.64477
7.65621
7.66767
7.67914
7.69063
7.70214
7.71367
7.72521
7.73677
7.74835
7.75994
7.77155
7.78318
7.79483
7.80649
7.81817
7.82987
7.84159
7.85332
7.86507
7.87684
7.88863
7.90043
7.91226
7.9241
7.93595
7.94783
7.95972
7.97163
7.98356
7.99551
8.00747
8.01945
8.03145
8.04347
8.05551
8.06756
8.07963
8.09172
8.10383
8.11596
8.1281
8.14027
8.15245
8.16465
8.17686
8.1891
8.20135
8.21362
8.22591
8.23822
8.25055
8.2629
8.27526
8.28764
8.30005
8.31247
8.3249
8.33736
8.34984
8.36233
8.37485
8.38738
8.39993
8.4125
8.42509
8.43769
8.45032
8.46296
8.47563
8.48831
8.50101
8.51373
8.52647
8.53923
8.55201
8.56481
8.57762
8.59046
8.60331
8.61619
8.62908
8.64199
8.65492
8.66787
8.68084
8.69383
8.70684
8.71987
8.73292
8.74599
8.75907
8.77218
8.78531
8.79845
8.81162
8.82481
8.83801
8.85124
8.86448
8.87774
8.89103
8.90433
8.91766
8.931
8.94437
8.95775
8.97115
8.98458
8.99802
9.01149
9.02497
9.03848
9.052
9.06555
9.07911
9.0927
9.1063
9.11993
9.13358
9.14724
9.16093
9.17464
9.18837
9.20212
9.21589
9.22968
9.24349
9.25732
9.27117
9.28505
9.29894
9.31286
9.32679
9.34075
9.35472
9.36872
9.38274
9.39678
9.41084
9.42492
9.43903
9.45315
9.4673
9.48146
9.49565
9.50986
9.52409
9.53834
9.55262
9.56691
9.58123
9.59556
9.60992
9.6243
9.6387
9.65313
9.66757
9.68204
9.69653
9.71104
9.72557
9.74012
9.75469
9.76929
9.78391
9.79855
9.81321
9.8279
9.8426
9.85733
9.87208
9.88685
9.90165
9.91646
9.9313
9.94616
9.96105
9.97595
9.99088
10.0058
10.0208
10.0358
10.0508
10.0659
10.0809
10.096
10.1111
10.1262
10.1414
10.1566
10.1718
10.187
10.2022
10.2175
10.2328
10.2481
10.2634
10.2788
10.2942
10.3096
10.325
10.3405
10.3559
10.3714
10.3869
10.4025
10.418
10.4336
10.4493
10.4649
10.4805
10.4962
10.5119
10.5277
10.5434
10.5592
10.575
10.5908
10.6067
10.6225
10.6384
10.6544
10.6703
10.6863
10.7023
10.7183
10.7343
10.7504
10.7665
10.7826
10.7987
10.8149
10.831
10.8473
10.8635
10.8797
10.896
10.9123
10.9287
10.945
10.9614
10.9778
10.9942
11.0107
11.0271
11.0436
11.0602
11.0767
11.0933
11.1099
11.1265
11.1432
11.1598
11.1765
11.1933
11.21
11.2268
11.2436
11.2604
11.2773
11.2941
11.311
11.328
11.3449
11.3619
11.3789
11.3959
11.413
11.43
11.4472
11.4643
11.4814
11.4986
11.5158
11.5331
11.5503
11.5676
11.5849
11.6022
11.6196
11.637
11.6544
11.6718
11.6893
11.7068
11.7243
11.7419
11.7594
11.777
11.7947
11.8123
11.83
11.8477
11.8654
11.8832
11.9009
11.9188
11.9366
11.9544
11.9723
11.9903
12.0082
12.0262
12.0442
12.0622
12.0802
12.0983
12.1164
12.1345
12.1527
12.1709
12.1891
12.2073
12.2256
12.2439
12.2622
12.2806
12.2989
12.3173
12.3358
12.3542
12.3727
12.3912
12.4098
12.4283
12.4469
12.4656
12.4842
12.5029
12.5216
12.5404
12.5591
12.5779
12.5967
12.6156
12.6345
12.6534
12.6723
12.6913
12.7103
12.7293
12.7483
12.7674
12.7865
12.8056
12.8248
12.844
12.8632
12.8825
12.9017
12.921
12.9404
12.9597
12.9791
12.9985
13.018
13.0375
13.057
13.0765
13.0961
13.1157
13.1353
13.155
13.1747
13.1944
13.2141
13.2339
13.2537
13.2735
13.2934
13.3133
13.3332
13.3531
13.3731
13.3931
13.4132
13.4333
13.4534
13.4735
13.4936
13.5138
13.5341
13.5543
13.5746
13.5949
13.6153
13.6356
13.656
13.6765
13.6969
13.7174
13.738
13.7585
13.7791
13.7997
13.8204
13.841
13.8618
13.8825
13.9033
13.9241
13.9449
13.9658
13.9867
14.0076
14.0286
14.0496
14.0706
14.0916
14.1127
14.1338
14.155
14.1762
14.1974
14.2186
14.2399
14.2612
14.2826
14.3039
14.3253
14.3468
14.3682
14.3897
14.4113
14.4328
14.4544
14.4761
14.4977
14.5194
14.5411
14.5629
14.5847
14.6065
14.6284
14.6503
14.6722
14.6941
14.7161
14.7381
14.7602
14.7823
14.8044
14.8266
14.8487
14.871
14.8932
14.9155
14.9378
14.9602
14.9826
15.005
15.0274
15.0499
15.0724
15.095
15.1176
15.1402
15.1629
15.1855
15.2083
15.231
15.2538
15.2766
15.2995
15.3224
15.3453
15.3683
15.3913
15.4143
15.4374
15.4605
15.4836
15.5068
15.53
15.5532
15.5765
15.5998
15.6232
15.6465
15.6699
15.6934
15.7169
15.7404
15.7639
15.7875
15.8112
15.8348
15.8585
15.8822
15.906
15.9298
15.9537
15.9775
16.0014
16.0254
16.0494
16.0734
16.0974
16.1215
16.1456
16.1698
16.194
16.2182
16.2425
16.2668
16.2911
16.3155
16.3399
16.3644
16.3889
16.4134
16.438
16.4625
16.4872
16.5119
16.5366
16.5613
16.5861
16.6109
16.6358
16.6607
16.6856
16.7106
16.7356
16.7606
16.7857
16.8108
16.836
16.8611
16.8864
16.9116
16.937
16.9623
16.9877
17.0131
17.0386
17.0641
17.0896
17.1152
17.1408
17.1664
17.1921
17.2178
17.2436
17.2694
17.2952
17.3211
17.347
17.373
17.399
17.425
17.4511
17.4772
17.5034
17.5296
17.5558
17.5821
17.6084
17.6347
17.6611
17.6875
17.714
17.7405
17.7671
17.7936
17.8203
17.8469
17.8736
17.9004
17.9272
17.954
17.9809
18.0078
18.0347
18.0617
18.0887
18.1158
18.1429
18.1701
18.1972
18.2245
18.2517
18.2791
18.3064
18.3338
18.3612
18.3887
18.4162
18.4438
18.4714
18.499
18.5267
18.5544
18.5822
18.61
18.6378
18.6657
18.6937
18.7216
18.7497
18.7777
18.8058
18.8339
18.8621
18.8904
18.9186
18.9469
18.9753
19.0037
19.0321
19.0606
19.0891
19.1177
19.1463
19.1749
19.2036
19.2324
19.2611
19.29
19.3188
19.3477
19.3767
19.4057
19.4347
19.4638
19.4929
19.5221
19.5513
19.5806
19.6099
19.6392
19.6686
19.698
19.7275
19.757
19.7866
19.8162
19.8459
19.8755
19.9053
19.9351
19.9649
19.9948
20.0247
20.0547
20.0847
20.1147
20.1448
20.175
20.2052
20.2354
20.2657
20.296
20.3264
20.3568
20.3872
20.4178
20.4483
20.4789
20.5095
20.5402
20.571
20.6018
20.6326
20.6635
20.6944
20.7253
20.7564
20.7874
20.8185
20.8497
20.8809
20.9121
20.9434
20.9748
21.0061
21.0376
21.0691
21.1006
21.1322
21.1638
21.1954
21.2272
21.2589
21.2907
21.3226
21.3545
21.3865
21.4185
21.4505
21.4826
21.5147
21.5469
21.5792
21.6115
21.6438
21.6762
21.7086
21.7411
21.7737
21.8062
21.8389
21.8715
21.9043
21.9371
21.9699
22.0028
22.0357
22.0687
22.1017
22.1347
22.1679
22.201
22.2343
22.2675
22.3009
22.3342
22.3676
22.4011
22.4346
22.4682
22.5018
22.5355
22.5692
22.603
22.6368
22.6707
22.7046
22.7386
22.7726
22.8067
22.8408
22.875
22.9092
22.9435
22.9778
23.0122
23.0467
23.0811
23.1157
23.1503
23.1849
23.2196
23.2543
23.2891
23.324
23.3589
23.3938
23.4289
23.4639
23.499
23.5342
23.5694
23.6047
23.64
23.6754
23.7108
23.7463
23.7818
23.8174
23.853
23.8887
23.9245
23.9603
23.9961
24.032
24.068
24.104
24.1401
24.1762
24.2124
24.2486
24.2849
24.3212
24.3576
24.3941
24.4306
24.4671
24.5037
24.5404
24.5771
24.6139
24.6507
24.6876
24.7246
24.7616
24.7986
24.8357
24.8729
24.9101
24.9474
24.9847
25.0221
25.0595
25.097
25.1346
25.1722
25.2099
25.2476
25.2854
25.3232
25.3611
25.3991
25.4371
25.4751
25.5132
25.5514
25.5897
25.628
25.6663
25.7047
25.7432
25.7817
25.8203
25.8589
25.8976
25.9364
25.9752
26.014
26.053
26.0919
26.131
26.1701
26.2093
26.2485
26.2877
26.3271
26.3665
26.4059
26.4454
26.485
26.5247
26.5643
26.6041
26.6439
26.6838
26.7237
26.7637
26.8037
26.8438
26.884
26.9242
26.9645
27.0049
27.0453
27.0858
27.1263
27.1669
27.2075
27.2482
27.289
27.3299
27.3707
27.4117
27.4527
27.4938
27.5349
27.5761
27.6174
27.6587
27.7001
27.7416
27.7831
27.8247
27.8663
27.908
27.9498
27.9916
28.0335
28.0754
28.1174
28.1595
28.2016
28.2438
28.2861
28.3284
28.3708
28.4133
28.4558
28.4984
28.541
28.5837
28.6265
28.6693
28.7122
28.7552
28.7982
28.8413
28.8845
28.9277
28.971
29.0143
29.0577
29.1012
29.1448
29.1884
29.2321
29.2758
29.3196
29.3635
29.4074
29.4514
29.4955
29.5396
29.5838
29.6281
29.6724
29.7168
29.7613
29.8058
29.8504
29.8951
29.9398
29.9846
30.0295
30.0744
30.1195
30.1645
30.2097
30.2549
30.3001
30.3455
30.3909
30.4364
30.4819
30.5275
30.5732
30.6189
30.6648
30.7107
30.7566
30.8026
30.8487
30.8949
30.9411
30.9874
31.0338
31.0802
31.1267
31.1733
31.22
31.2667
31.3135
31.3603
31.4072
31.4542
31.5013
31.5484
31.5956
31.6429
31.6903
31.7377
31.7852
31.8328
31.8804
31.9281
31.9759
32.0237
32.0716
32.1196
32.1677
32.2158
32.264
32.3123
32.3607
32.4091
32.4576
32.5061
32.5548
32.6035
32.6523
32.7012
32.7501
32.7991
32.8482
32.8973
32.9465
32.9958
33.0452
33.0947
33.1442
33.1938
33.2435
33.2932
33.343
33.3929
33.4429
33.4929
33.543
33.5932
33.6435
33.6939
33.7443
33.7948
33.8453
33.896
33.9467
33.9975
34.0484
34.0993
34.1503
34.2014
34.2526
34.3039
34.3552
34.4066
34.4581
34.5097
34.5613
34.613
34.6648
34.7167
34.7686
34.8207
34.8728
34.925
34.9772
35.0296
35.082
35.1345
35.187
35.2397
35.2924
35.3452
35.3981
35.4511
35.5041
35.5573
35.6105
35.6638
35.7171
35.7706
35.8241
35.8777
35.9314
35.9852
36.039
36.0929
36.1469
36.201
36.2552
36.3095
36.3638
36.4182
36.4727
36.5273
36.5819
36.6367
36.6915
36.7464
36.8014
36.8565
36.9116
36.9668
37.0222
37.0776
37.133
37.1886
37.2442
37.3
37.3558
37.4117
37.4677
37.5237
37.5799
37.6361
37.6924
37.7488
37.8053
37.8619
37.9186
37.9753
38.0321
38.089
38.146
38.2031
38.2603
38.3175
38.3749
38.4323
38.4898
38.5474
38.6051
38.6628
38.7207
38.7786
38.8367
38.8948
38.953
39.0113
39.0696
39.1281
39.1867
39.2453
39.304
39.3628
39.4217
39.4807
39.5398
39.599
39.6582
39.7176
39.777
39.8365
39.8961
39.9558
40.0156
40.0755
40.1355
40.1955
40.2557
40.3159
40.3762
40.4366
40.4972
40.5578
40.6184
40.6792
40.7401
40.8011
40.8621
40.9233
40.9845
41.0458
41.1072
41.1688
41.2304
41.2921
41.3538
41.4157
41.4777
41.5398
41.6019
41.6642
41.7265
41.789
41.8515
41.9141
41.9768
42.0396
42.1026
42.1656
42.2287
42.2918
42.3551
42.4185
42.482
42.5455
42.6092
42.673
42.7368
42.8008
42.8648
42.929
42.9932
43.0575
43.122
43.1865
43.2511
43.3158
43.3807
43.4456
43.5106
43.5757
43.6409
43.7062
43.7716
43.8371
43.9027
43.9684
44.0342
44.1001
44.1661
44.2321
44.2983
44.3646
44.431
44.4975
44.5641
44.6308
44.6975
44.7644
44.8314
44.8985
44.9657
45.033
45.1004
45.1678
45.2354
45.3031
45.3709
45.4388
45.5068
45.5749
45.6431
45.7114
45.7798
45.8483
45.9169
45.9856
46.0544
46.1233
46.1924
46.2615
46.3307
46.4
46.4695
46.539
46.6086
46.6784
46.7482
46.8182
46.8882
46.9584
47.0287
47.099
47.1695
47.2401
47.3108
47.3816
47.4525
47.5235
47.5946
47.6658
47.7371
47.8086
47.8801
47.9518
48.0235
48.0954
48.1673
48.2394
48.3116
48.3839
48.4563
48.5288
48.6014
48.6742
48.747
48.8199
48.893
48.9661
49.0394
49.1128
49.1863
49.2599
49.3336
49.4074
49.4814
49.5554
49.6296
49.7038
49.7782
49.8527
49.9273
50.002
50.0768
50.1517
50.2268
50.3019
50.3772
50.4526
50.5281
50.6037
50.6794
50.7553
50.8312
50.9073
50.9835
51.0597
51.1361
51.2127
51.2893
51.366
51.4429
51.5199
51.597
51.6742
51.7515
51.829
51.9065
51.9842
52.062
52.1399
52.2179
52.296
52.3743
52.4527
52.5311
52.6097
52.6885
52.7673
52.8463
52.9254
53.0045
53.0839
53.1633
53.2428
53.3225
53.4023
53.4822
53.5622
53.6424
53.7227
53.8031
53.8836
53.9642
54.0449
54.1258
54.2068
54.2879
54.3692
54.4505
54.532
54.6136
54.6953
54.7772
54.8591
54.9412
55.0234
55.1058
55.1882
55.2708
55.3535
55.4363
55.5193
55.6024
55.6856
55.7689
55.8524
55.9359
56.0196
56.1035
56.1874
56.2715
56.3557
56.44
56.5245
56.6091
56.6938
56.7786
56.8636
56.9487
57.0339
57.1192
57.2047
57.2903
57.376
57.4619
57.5479
57.634
57.7202
57.8066
57.8931
57.9797
58.0665
58.1534
58.2404
58.3275
58.4148
58.5022
58.5898
58.6774
58.7652
58.8532
58.9412
59.0294
59.1178
59.2062
59.2948
59.3835
59.4724
59.5614
59.6505
59.7398
59.8292
59.9187
60.0084
60.0982
60.1881
60.2782
60.3683
60.4587
60.5492
60.6398
60.7305
60.8214
60.9124
61.0035
61.0948
61.1862
61.2778
61.3695
61.4613
61.5533
61.6454
61.7376
61.83
61.9225
62.0152
62.108
62.2009
62.294
62.3872
62.4806
62.5741
62.6677
62.7615
62.8554
62.9495
63.0437
63.138
63.2325
63.3271
63.4218
63.5167
63.6118
63.707
63.8023
63.8978
63.9934
64.0892
64.1851
64.2811
64.3773
64.4736
64.5701
64.6667
64.7635
64.8604
64.9575
65.0547
65.152
65.2495
65.3471
65.4449
65.5428
65.6409
65.7391
65.8375
65.936
66.0347
66.1335
66.2325
66.3316
66.4308
66.5302
66.6298
66.7295
66.8293
66.9293
67.0295
67.1298
67.2303
67.3309
67.4316
67.5325
67.6336
67.7348
67.8361
67.9376
68.0393
68.1411
68.2431
68.3452
68.4475
68.5499
68.6525
68.7552
68.8581
68.9611
69.0643
69.1676
69.2711
69.3748
69.4786
69.5826
69.6867
69.791
69.8954
70
