#k in inverse Angstrom
0.00162249
0.0016246
0.00162672
0.00162884
0.00163097
0.00163309
0.00163522
0.00163735
0.00163949
0.00164163
0.00164377
0.00164591
0.00164806
0.0016502
0.00165236
0.00165451
0.00165667
0.00165883
0.00166099
0.00166316
0.00166532
0.00166749
0.00166967
0.00167185
0.00167403
0.00167621
0.00167839
0.00168058
0.00168277
0.00168497
0.00168716
0.00168936
0.00169157
0.00169377
0.00169598
0.00169819
0.0017004
0.00170262
0.00170484
0.00170706
0.00170929
0.00171152
0.00171375
0.00171598
0.00171822
0.00172046
0.0017227
0.00172495
0.0017272
0.00172945
0.00173171
0.00173396
0.00173622
0.00173849
0.00174076
0.00174302
0.0017453
0.00174757
0.00174985
0.00175213
0.00175442
0.0017567
0.00175899
0.00176129
0.00176358
0.00176588
0.00176819
0.00177049
0.0017728
0.00177511
0.00177743
0.00177974
0.00178206
0.00178439
0.00178671
0.00178904
0.00179137
0.00179371
0.00179605
0.00179839
0.00180074
0.00180308
0.00180543
0.00180779
0.00181014
0.0018125
0.00181487
0.00181723
0.0018196
0.00182198
0.00182435
0.00182673
0.00182911
0.0018315
0.00183388
0.00183628
0.00183867
0.00184107
0.00184347
0.00184587
0.00184828
0.00185069
0.0018531
0.00185552
0.00185793
0.00186036
0.00186278
0.00186521
0.00186764
0.00187008
0.00187252
0.00187496
0.0018774
0.00187985
0.0018823
0.00188475
0.00188721
0.00188967
0.00189214
0.0018946
0.00189707
0.00189955
0.00190202
0.0019045
0.00190699
0.00190947
0.00191196
0.00191445
0.00191695
0.00191945
0.00192195
0.00192446
0.00192697
0.00192948
0.001932
0.00193451
0.00193704
0.00193956
0.00194209
0.00194462
0.00194716
0.0019497
0.00195224
0.00195478
0.00195733
0.00195988
0.00196244
0.001965
0.00196756
0.00197013
0.00197269
0.00197527
0.00197784
0.00198042
0.001983
0.00198559
0.00198818
0.00199077
0.00199336
0.00199596
0.00199857
0.00200117
0.00200378
0.00200639
0.00200901
0.00201163
0.00201425
0.00201688
0.00201951
0.00202214
0.00202478
0.00202742
0.00203006
0.00203271
0.00203536
0.00203801
0.00204067
0.00204333
0.00204599
0.00204866
0.00205133
0.002054
0.00205668
0.00205936
0.00206205
0.00206474
0.00206743
0.00207012
0.00207282
0.00207553
0.00207823
0.00208094
0.00208365
0.00208637
0.00208909
0.00209181
0.00209454
0.00209727
0.00210001
0.00210275
0.00210549
0.00210823
0.00211098
0.00211373
0.00211649
0.00211925
0.00212201
0.00212478
0.00212755
0.00213032
0.0021331
0.00213588
0.00213866
0.00214145
0.00214425
0.00214704
0.00214984
0.00215264
0.00215545
0.00215826
0.00216107
0.00216389
0.00216671
0.00216954
0.00217237
0.0021752
0.00217803
0.00218087
0.00218372
0.00218656
0.00218942
0.00219227
0.00219513
0.00219799
0.00220086
0.00220373
0.0022066
0.00220948
0.00221236
0.00221524
0.00221813
0.00222102
0.00222392
0.00222682
0.00222972
0.00223263
0.00223554
0.00223845
0.00224137
0.00224429
0.00224722
0.00225015
0.00225308
0.00225602
0.00225896
0.00226191
0.00226485
0.00226781
0.00227076
0.00227372
0.00227669
0.00227966
0.00228263
0.00228561
0.00228859
0.00229157
0.00229456
0.00229755
0.00230054
0.00230354
0.00230655
0.00230955
0.00231257
0.00231558
0.0023186
0.00232162
0.00232465
0.00232768
0.00233071
0.00233375
0.0023368
0.00233984
0.00234289
0.00234595
0.00234901
0.00235207
0.00235514
0.00235821
0.00236128
0.00236436
0.00236744
0.00237053
0.00237362
0.00237671
0.00237981
0.00238292
0.00238602
0.00238913
0.00239225
0.00239537
0.00239849
0.00240162
0.00240475
0.00240788
0.00241102
0.00241417
0.00241731
0.00242047
0.00242362
0.00242678
0.00242995
0.00243311
0.00243629
0.00243946
0.00244264
0.00244583
0.00244902
0.00245221
0.00245541
0.00245861
0.00246181
0.00246502
0.00246824
0.00247145
0.00247468
0.0024779
0.00248113
0.00248437
0.00248761
0.00249085
0.0024941
0.00249735
0.00250061
0.00250387
0.00250713
0.0025104
0.00251367
0.00251695
0.00252023
0.00252352
0.00252681
0.0025301
0.0025334
0.0025367
0.00254001
0.00254332
0.00254664
0.00254996
0.00255328
0.00255661
0.00255995
0.00256328
0.00256663
0.00256997
0.00257332
0.00257668
0.00258004
0.0025834
0.00258677
0.00259014
0.00259352
0.0025969
0.00260029
0.00260368
0.00260707
0.00261047
0.00261387
0.00261728
0.00262069
0.00262411
0.00262753
0.00263096
0.00263439
0.00263782
0.00264126
0.0026447
0.00264815
0.0026516
0.00265506
0.00265852
0.00266199
0.00266546
0.00266894
0.00267242
0.0026759
0.00267939
0.00268288
0.00268638
0.00268988
0.00269339
0.0026969
0.00270042
0.00270394
0.00270746
0.00271099
0.00271453
0.00271807
0.00272161
0.00272516
0.00272871
0.00273227
0.00273583
0.0027394
0.00274297
0.00274655
0.00275013
0.00275371
0.0027573
0.0027609
0.0027645
0.0027681
0.00277171
0.00277532
0.00277894
0.00278257
0.00278619
0.00278983
0.00279346
0.00279711
0.00280075
0.0028044
0.00280806
0.00281172
0.00281539
0.00281906
0.00282273
0.00282641
0.0028301
0.00283379
0.00283748
0.00284118
0.00284489
0.0028486
0.00285231
0.00285603
0.00285975
0.00286348
0.00286721
0.00287095
0.0028747
0.00287844
0.0028822
0.00288595
0.00288972
0.00289348
0.00289726
0.00290103
0.00290482
0.0029086
0.0029124
0.00291619
0.00291999
0.0029238
0.00292761
0.00293143
0.00293525
0.00293908
0.00294291
0.00294675
0.00295059
0.00295444
0.00295829
0.00296215
0.00296601
0.00296987
0.00297375
0.00297762
0.00298151
0.00298539
0.00298929
0.00299318
0.00299709
0.00300099
0.00300491
0.00300882
0.00301275
0.00301667
0.00302061
0.00302455
0.00302849
0.00303244
0.00303639
0.00304035
0.00304431
0.00304828
0.00305226
0.00305624
0.00306022
0.00306421
0.00306821
0.00307221
0.00307621
0.00308022
0.00308424
0.00308826
0.00309229
0.00309632
0.00310035
0.0031044
0.00310844
0.0031125
0.00311655
0.00312062
0.00312469
0.00312876
0.00313284
0.00313692
0.00314101
0.00314511
0.00314921
0.00315332
0.00315743
0.00316154
0.00316567
0.00316979
0.00317393
0.00317806
0.00318221
0.00318636
0.00319051
0.00319467
0.00319884
0.00320301
0.00320718
0.00321136
0.00321555
0.00321974
0.00322394
0.00322814
0.00323235
0.00323657
0.00324079
0.00324501
0.00324924
0.00325348
0.00325772
0.00326197
0.00326622
0.00327048
0.00327474
0.00327901
0.00328329
0.00328757
0.00329185
0.00329615
0.00330044
0.00330475
0.00330906
0.00331337
0.00331769
0.00332202
0.00332635
0.00333068
0.00333503
0.00333937
0.00334373
0.00334809
0.00335245
0.00335682
0.0033612
0.00336558
0.00336997
0.00337436
0.00337876
0.00338317
0.00338758
0.003392
0.00339642
0.00340085
0.00340528
0.00340972
0.00341417
0.00341862
0.00342307
0.00342754
0.00343201
0.00343648
0.00344096
0.00344545
0.00344994
0.00345444
0.00345894
0.00346345
0.00346797
0.00347249
0.00347702
0.00348155
0.00348609
0.00349063
0.00349518
0.00349974
0.0035043
0.00350887
0.00351345
0.00351803
0.00352261
0.00352721
0.00353181
0.00353641
0.00354102
0.00354564
0.00355026
0.00355489
0.00355952
0.00356417
0.00356881
0.00357347
0.00357812
0.00358279
0.00358746
0.00359214
0.00359682
0.00360151
0.00360621
0.00361091
0.00361562
0.00362033
0.00362505
0.00362978
0.00363451
0.00363925
0.00364399
0.00364874
0.0036535
0.00365826
0.00366303
0.00366781
0.00367259
0.00367738
0.00368217
0.00368697
0.00369178
0.00369659
0.00370141
0.00370624
0.00371107
0.00371591
0.00372075
0.00372561
0.00373046
0.00373533
0.0037402
0.00374507
0.00374996
0.00375485
0.00375974
0.00376464
0.00376955
0.00377447
0.00377939
0.00378431
0.00378925
0.00379419
0.00379913
0.00380409
0.00380905
0.00381401
0.00381899
0.00382397
0.00382895
0.00383394
0.00383894
0.00384395
0.00384896
0.00385398
0.003859
0.00386403
0.00386907
0.00387412
0.00387917
0.00388422
0.00388929
0.00389436
0.00389944
0.00390452
0.00390961
0.00391471
0.00391981
0.00392492
0.00393004
0.00393516
0.00394029
0.00394543
0.00395058
0.00395573
0.00396088
0.00396605
0.00397122
0.0039764
0.00398158
0.00398677
0.00399197
0.00399717
0.00400239
0.0040076
0.00401283
0.00401806
0.0040233
0.00402854
0.0040338
0.00403906
0.00404432
0.0040496
0.00405487
0.00406016
0.00406545
0.00407076
0.00407606
0.00408138
0.0040867
0.00409203
0.00409736
0.0041027
0.00410805
0.00411341
0.00411877
0.00412414
0.00412952
0.0041349
0.00414029
0.00414569
0.0041511
0.00415651
0.00416193
0.00416735
0.00417279
0.00417823
0.00418368
0.00418913
0.00419459
0.00420006
0.00420554
0.00421102
0.00421651
0.00422201
0.00422751
0.00423302
0.00423854
0.00424407
0.0042496
0.00425514
0.00426069
0.00426624
0.00427181
0.00427738
0.00428295
0.00428854
0.00429413
0.00429973
0.00430533
0.00431095
0.00431657
0.00432219
0.00432783
0.00433347
0.00433912
0.00434478
0.00435044
0.00435612
0.0043618
0.00436748
0.00437318
0.00437888
0.00438459
0.0043903
0.00439603
0.00440176
0.0044075
0.00441324
0.004419
0.00442476
0.00443053
0.00443631
0.00444209
0.00444788
0.00445368
0.00445949
0.0044653
0.00447112
0.00447695
0.00448279
0.00448863
0.00449449
0.00450035
0.00450621
0.00451209
0.00451797
0.00452386
0.00452976
0.00453566
0.00454158
0.0045475
0.00455343
0.00455937
0.00456531
0.00457126
0.00457722
0.00458319
0.00458916
0.00459515
0.00460114
0.00460714
0.00461314
0.00461916
0.00462518
0.00463121
0.00463725
0.0046433
0.00464935
0.00465541
0.00466148
0.00466756
0.00467364
0.00467974
0.00468584
0.00469195
0.00469807
0.00470419
0.00471032
0.00471646
0.00472261
0.00472877
0.00473494
0.00474111
0.00474729
0.00475348
0.00475968
0.00476588
0.0047721
0.00477832
0.00478455
0.00479079
0.00479703
0.00480329
0.00480955
0.00481582
0.0048221
0.00482839
0.00483468
0.00484098
0.0048473
0.00485362
0.00485994
0.00486628
0.00487262
0.00487898
0.00488534
0.00489171
0.00489809
0.00490447
0.00491087
0.00491727
0.00492368
0.0049301
0.00493653
0.00494296
0.00494941
0.00495586
0.00496232
0.00496879
0.00497527
0.00498176
0.00498825
0.00499476
0.00500127
0.00500779
0.00501432
0.00502085
0.0050274
0.00503396
0.00504052
0.00504709
0.00505367
0.00506026
0.00506686
0.00507346
0.00508008
0.0050867
0.00509333
0.00509997
0.00510662
0.00511328
0.00511995
0.00512662
0.00513331
0.00514
0.0051467
0.00515341
0.00516013
0.00516686
0.00517359
0.00518034
0.00518709
0.00519386
0.00520063
0.00520741
0.0052142
0.00522099
0.0052278
0.00523462
0.00524144
0.00524828
0.00525512
0.00526197
0.00526883
0.0052757
0.00528258
0.00528947
0.00529636
0.00530327
0.00531018
0.00531711
0.00532404
0.00533098
0.00533793
0.00534489
0.00535186
0.00535883
0.00536582
0.00537282
0.00537982
0.00538684
0.00539386
0.00540089
0.00540793
0.00541498
0.00542204
0.00542911
0.00543619
0.00544328
0.00545038
0.00545748
0.0054646
0.00547172
0.00547886
0.005486
0.00549315
0.00550031
0.00550748
0.00551467
0.00552186
0.00552905
0.00553626
0.00554348
0.00555071
0.00555795
0.00556519
0.00557245
0.00557971
0.00558699
0.00559427
0.00560157
0.00560887
0.00561618
0.0056235
0.00563084
0.00563818
0.00564553
0.00565289
0.00566026
0.00566764
0.00567503
0.00568243
0.00568984
0.00569725
0.00570468
0.00571212
0.00571957
0.00572702
0.00573449
0.00574197
0.00574945
0.00575695
0.00576445
0.00577197
0.0057795
0.00578703
0.00579458
0.00580213
0.0058097
0.00581727
0.00582485
0.00583245
0.00584005
0.00584767
0.00585529
0.00586293
0.00587057
0.00587822
0.00588589
0.00589356
0.00590124
0.00590894
0.00591664
0.00592436
0.00593208
0.00593981
0.00594756
0.00595531
0.00596308
0.00597085
0.00597864
0.00598643
0.00599424
0.00600205
0.00600988
0.00601771
0.00602556
0.00603341
0.00604128
0.00604916
0.00605704
0.00606494
0.00607285
0.00608077
0.00608869
0.00609663
0.00610458
0.00611254
0.00612051
0.00612849
0.00613648
0.00614448
0.00615249
0.00616051
0.00616854
0.00617659
0.00618464
0.0061927
0.00620078
0.00620886
0.00621696
0.00622506
0.00623318
0.0062413
0.00624944
0.00625759
0.00626575
0.00627392
0.0062821
0.00629029
0.00629849
0.0063067
0.00631492
0.00632316
0.0063314
0.00633966
0.00634792
0.0063562
0.00636448
0.00637278
0.00638109
0.00638941
0.00639774
0.00640608
0.00641443
0.0064228
0.00643117
0.00643956
0.00644795
0.00645636
0.00646478
0.0064732
0.00648164
0.00649009
0.00649856
0.00650703
0.00651551
0.00652401
0.00653251
0.00654103
0.00654956
0.0065581
0.00656665
0.00657521
0.00658378
0.00659237
0.00660096
0.00660957
0.00661818
0.00662681
0.00663545
0.0066441
0.00665277
0.00666144
0.00667013
0.00667882
0.00668753
0.00669625
0.00670498
0.00671372
0.00672247
0.00673124
0.00674001
0.0067488
0.0067576
0.00676641
0.00677523
0.00678407
0.00679291
0.00680177
0.00681064
0.00681952
0.00682841
0.00683731
0.00684622
0.00685515
0.00686409
0.00687304
0.006882
0.00689097
0.00689995
0.00690895
0.00691796
0.00692698
0.00693601
0.00694505
0.00695411
0.00696317
0.00697225
0.00698134
0.00699044
0.00699956
0.00700868
0.00701782
0.00702697
0.00703613
0.00704531
0.00705449
0.00706369
0.0070729
0.00708212
0.00709135
0.0071006
0.00710986
0.00711913
0.00712841
0.0071377
0.00714701
0.00715633
0.00716566
0.007175
0.00718435
0.00719372
0.0072031
0.00721249
0.00722189
0.00723131
0.00724074
0.00725018
0.00725963
0.0072691
0.00727857
0.00728806
0.00729756
0.00730708
0.00731661
0.00732615
0.0073357
0.00734526
0.00735484
0.00736443
0.00737403
0.00738364
0.00739327
0.00740291
0.00741256
0.00742222
0.0074319
0.00744159
0.00745129
0.00746101
0.00747074
0.00748048
0.00749023
0.00749999
0.00750977
0.00751956
0.00752937
0.00753918
0.00754901
0.00755886
0.00756871
0.00757858
0.00758846
0.00759835
0.00760826
0.00761818
0.00762811
0.00763806
0.00764801
0.00765799
0.00766797
0.00767797
0.00768798
0.007698
0.00770804
0.00771809
0.00772815
0.00773823
0.00774832
0.00775842
0.00776853
0.00777866
0.0077888
0.00779896
0.00780913
0.00781931
0.0078295
0.00783971
0.00784993
0.00786017
0.00787041
0.00788067
0.00789095
0.00790124
0.00791154
0.00792185
0.00793218
0.00794252
0.00795288
0.00796325
0.00797363
0.00798403
0.00799444
0.00800486
0.00801529
0.00802574
0.00803621
0.00804669
0.00805718
0.00806768
0.0080782
0.00808873
0.00809928
0.00810984
0.00812041
0.008131
0.0081416
0.00815221
0.00816284
0.00817349
0.00818414
0.00819481
0.0082055
0.0082162
0.00822691
0.00823763
0.00824837
0.00825913
0.0082699
0.00828068
0.00829147
0.00830228
0.00831311
0.00832395
0.0083348
0.00834567
0.00835655
0.00836744
0.00837835
0.00838927
0.00840021
0.00841116
0.00842213
0.00843311
0.00844411
0.00845512
0.00846614
0.00847718
0.00848823
0.0084993
0.00851038
0.00852147
0.00853258
0.00854371
0.00855485
0.008566
0.00857717
0.00858835
0.00859955
0.00861076
0.00862199
0.00863323
0.00864448
0.00865575
0.00866704
0.00867834
0.00868965
0.00870098
0.00871233
0.00872369
0.00873506
0.00874645
0.00875785
0.00876927
0.0087807
0.00879215
0.00880362
0.00881509
0.00882659
0.00883809
0.00884962
0.00886115
0.00887271
0.00888428
0.00889586
0.00890746
0.00891907
0.0089307
0.00894234
0.008954
0.00896568
0.00897736
0.00898907
0.00900079
0.00901252
0.00902427
0.00903604
0.00904782
0.00905962
0.00907143
0.00908326
0.0090951
0.00910696
0.00911883
0.00913072
0.00914262
0.00915454
0.00916648
0.00917843
0.0091904
0.00920238
0.00921438
0.00922639
0.00923842
0.00925046
0.00926252
0.0092746
0.00928669
0.0092988
0.00931092
0.00932306
0.00933522
0.00934739
0.00935958
0.00937178
0.009384
0.00939623
0.00940848
0.00942075
0.00943303
0.00944533
0.00945765
0.00946998
0.00948232
0.00949469
0.00950707
0.00951946
0.00953187
0.0095443
0.00955674
0.0095692
0.00958168
0.00959417
0.00960668
0.0096192
0.00963175
0.0096443
0.00965688
0.00966947
0.00968207
0.0096947
0.00970734
0.00971999
0.00973267
0.00974536
0.00975806
0.00977078
0.00978352
0.00979628
0.00980905
0.00982184
0.00983465
0.00984747
0.00986031
0.00987316
0.00988603
0.00989892
0.00991183
0.00992475
0.00993769
0.00995065
0.00996362
0.00997661
0.00998962
0.0100026
0.0100157
0.0100287
0.0100418
0.0100549
0.010068
0.0100811
0.0100943
0.0101075
0.0101206
0.0101338
0.010147
0.0101603
0.0101735
0.0101868
0.0102001
0.0102134
0.0102267
0.01024
0.0102534
0.0102667
0.0102801
0.0102935
0.0103069
0.0103204
0.0103338
0.0103473
0.0103608
0.0103743
0.0103878
0.0104014
0.0104149
0.0104285
0.0104421
0.0104557
0.0104694
0.010483
0.0104967
0.0105104
0.0105241
0.0105378
0.0105515
0.0105653
0.010579
0.0105928
0.0106067
0.0106205
0.0106343
0.0106482
0.0106621
0.010676
0.0106899
0.0107038
0.0107178
0.0107318
0.0107458
0.0107598
0.0107738
0.0107878
0.0108019
0.010816
0.0108301
0.0108442
0.0108583
0.0108725
0.0108867
0.0109009
0.0109151
0.0109293
0.0109436
0.0109578
0.0109721
0.0109864
0.0110007
0.0110151
0.0110295
0.0110438
0.0110582
0.0110726
0.0110871
0.0111015
0.011116
0.0111305
0.011145
0.0111595
0.0111741
0.0111887
0.0112033
0.0112179
0.0112325
0.0112471
0.0112618
0.0112765
0.0112912
0.0113059
0.0113206
0.0113354
0.0113502
0.011365
0.0113798
0.0113946
0.0114095
0.0114244
0.0114393
0.0114542
0.0114691
0.0114841
0.011499
0.011514
0.011529
0.0115441
0.0115591
0.0115742
0.0115893
0.0116044
0.0116195
0.0116347
0.0116498
0.011665
0.0116802
0.0116955
0.0117107
0.011726
0.0117413
0.0117566
0.0117719
0.0117873
0.0118026
0.011818
0.0118334
0.0118488
0.0118643
0.0118798
0.0118952
0.0119108
0.0119263
0.0119418
0.0119574
0.011973
0.0119886
0.0120042
0.0120199
0.0120356
0.0120512
0.012067
0.0120827
0.0120984
0.0121142
0.01213
0.0121458
0.0121617
0.0121775
0.0121934
0.0122093
0.0122252
0.0122412
0.0122571
0.0122731
0.0122891
0.0123051
0.0123212
0.0123372
0.0123533
0.0123694
0.0123855
0.0124017
0.0124179
0.012434
0.0124503
0.0124665
0.0124827
0.012499
0.0125153
0.0125316
0.012548
0.0125643
0.0125807
0.0125971
0.0126135
0.01263
0.0126465
0.0126629
0.0126794
0.012696
0.0127125
0.0127291
0.0127457
0.0127623
0.012779
0.0127956
0.0128123
0.012829
0.0128457
0.0128625
0.0128793
0.012896
0.0129129
0.0129297
0.0129466
0.0129634
0.0129803
0.0129973
0.0130142
0.0130312
0.0130482
0.0130652
0.0130822
0.0130993
0.0131163
0.0131334
0.0131506
0.0131677
0.0131849
0.0132021
0.0132193
0.0132365
0.0132538
0.0132711
0.0132884
0.0133057
0.013323
0.0133404
0.0133578
0.0133752
0.0133926
0.0134101
0.0134276
0.0134451
0.0134626
0.0134802
0.0134978
0.0135153
0.013533
0.0135506
0.0135683
0.013586
0.0136037
0.0136214
0.0136392
0.013657
0.0136748
0.0136926
0.0137104
0.0137283
0.0137462
0.0137641
0.0137821
0.0138001
0.0138181
0.0138361
0.0138541
0.0138722
0.0138903
0.0139084
0.0139265
0.0139447
0.0139628
0.013981
0.0139993
0.0140175
0.0140358
0.0140541
0.0140724
0.0140908
0.0141091
0.0141275
0.014146
0.0141644
0.0141829
0.0142014
0.0142199
0.0142384
0.014257
0.0142756
0.0142942
0.0143128
0.0143315
0.0143502
0.0143689
0.0143876
0.0144064
0.0144251
0.0144439
0.0144628
0.0144816
0.0145005
0.0145194
0.0145384
0.0145573
0.0145763
0.0145953
0.0146143
0.0146334
0.0146525
0.0146716
0.0146907
0.0147098
0.014729
0.0147482
0.0147674
0.0147867
0.014806
0.0148253
0.0148446
0.014864
0.0148833
0.0149027
0.0149222
0.0149416
0.0149611
0.0149806
0.0150002
0.0150197
0.0150393
0.0150589
0.0150785
0.0150982
0.0151179
0.0151376
0.0151573
0.0151771
0.0151969
0.0152167
0.0152365
0.0152564
0.0152763
0.0152962
0.0153161
0.0153361
0.0153561
0.0153761
0.0153962
0.0154162
0.0154363
0.0154565
0.0154766
0.0154968
0.015517
0.0155372
0.0155575
0.0155778
0.0155981
0.0156184
0.0156388
0.0156592
0.0156796
0.0157
0.0157205
0.015741
0.0157615
0.0157821
0.0158026
0.0158233
0.0158439
0.0158645
0.0158852
0.0159059
0.0159267
0.0159474
0.0159682
0.015989
0.0160099
0.0160308
0.0160517
0.0160726
0.0160935
0.0161145
0.0161355
0.0161566
0.0161776
0.0161987
0.0162199
0.016241
0.0162622
0.0162834
0.0163046
0.0163259
0.0163472
0.0163685
0.0163898
0.0164112
0.0164326
0.016454
0.0164754
0.0164969
0.0165184
0.01654
0.0165615
0.0165831
0.0166047
0.0166264
0.0166481
0.0166698
0.0166915
0.0167133
0.0167351
0.0167569
0.0167787
0.0168006
0.0168225
0.0168444
0.0168664
0.0168884
0.0169104
0.0169325
0.0169545
0.0169766
0.0169988
0.0170209
0.0170431
0.0170654
0.0170876
0.0171099
0.0171322
0.0171545
0.0171769
0.0171993
0.0172217
0.0172442
0.0172666
0.0172892
0.0173117
0.0173343
0.0173569
0.0173795
0.0174022
0.0174248
0.0174476
0.0174703
0.0174931
0.0175159
0.0175387
0.0175616
0.0175845
0.0176074
0.0176304
0.0176534
0.0176764
0.0176994
0.0177225
0.0177456
0.0177687
0.0177919
0.0178151
0.0178383
0.0178616
0.0178849
0.0179082
0.0179315
0.0179549
0.0179783
0.0180018
0.0180252
0.0180487
0.0180723
0.0180958
0.0181194
0.0181431
0.0181667
0.0181904
0.0182141
0.0182379
0.0182616
0.0182854
0.0183093
0.0183332
0.0183571
0.018381
0.018405
0.018429
0.018453
0.018477
0.0185011
0.0185253
0.0185494
0.0185736
0.0185978
0.0186221
0.0186463
0.0186706
0.018695
0.0187194
0.0187438
0.0187682
0.0187927
0.0188172
0.0188417
0.0188663
0.0188909
0.0189155
0.0189402
0.0189649
0.0189896
0.0190143
0.0190391
0.019064
0.0190888
0.0191137
0.0191386
0.0191636
0.0191886
0.0192136
0.0192386
0.0192637
0.0192888
0.019314
0.0193391
0.0193644
0.0193896
0.0194149
0.0194402
0.0194655
0.0194909
0.0195163
0.0195418
0.0195673
0.0195928
0.0196183
0.0196439
0.0196695
0.0196952
0.0197208
0.0197465
0.0197723
0.0197981
0.0198239
0.0198497
0.0198756
0.0199015
0.0199275
0.0199534
0.0199795
0.0200055
0.0200316
0.0200577
0.0200839
0.02011
0.0201363
0.0201625
0.0201888
0.0202151
0.0202415
0.0202679
0.0202943
0.0203208
0.0203472
0.0203738
0.0204003
0.0204269
0.0204536
0.0204802
0.0205069
0.0205337
0.0205604
0.0205873
0.0206141
0.020641
0.0206679
0.0206948
0.0207218
0.0207488
0.0207759
0.020803
0.0208301
0.0208572
0.0208844
0.0209117
0.0209389
0.0209662
0.0209936
0.0210209
0.0210483
0.0210758
0.0211033
0.0211308
0.0211583
0.0211859
0.0212135
0.0212412
0.0212689
0.0212966
0.0213244
0.0213522
0.02138
0.0214079
0.0214358
0.0214638
0.0214917
0.0215198
0.0215478
0.0215759
0.021604
0.0216322
0.0216604
0.0216887
0.0217169
0.0217452
0.0217736
0.021802
0.0218304
0.0218589
0.0218874
0.0219159
0.0219445
0.0219731
0.0220017
0.0220304
0.0220591
0.0220879
0.0221167
0.0221455
0.0221744
0.0222033
0.0222323
0.0222613
0.0222903
0.0223193
0.0223484
0.0223776
0.0224068
0.022436
0.0224652
0.0224945
0.0225238
0.0225532
0.0225826
0.022612
0.0226415
0.022671
0.0227006
0.0227302
0.0227598
0.0227895
0.0228192
0.022849
0.0228788
0.0229086
0.0229385
0.0229684
0.0229983
0.0230283
0.0230583
0.0230884
0.0231185
0.0231486
0.0231788
0.023209
0.0232393
0.0232696
0.0232999
0.0233303
0.0233607
0.0233912
0.0234217
0.0234522
0.0234828
0.0235134
0.0235441
0.0235748
0.0236055
0.0236363
0.0236671
0.0236979
0.0237288
0.0237598
0.0237908
0.0238218
0.0238528
0.0238839
0.0239151
0.0239463
0.0239775
0.0240087
0.02404
0.0240714
0.0241028
0.0241342
0.0241657
0.0241972
0.0242287
0.0242603
0.0242919
0.0243236
0.0243553
0.0243871
0.0244189
0.0244507
0.0244826
0.0245145
0.0245465
0.0245785
0.0246105
0.0246426
0.0246747
0.0247069
0.0247391
0.0247714
0.0248036
0.024836
0.0248684
0.0249008
0.0249333
0.0249658
0.0249983
0.0250309
0.0250635
0.0250962
0.0251289
0.0251617
0.0251945
0.0252274
0.0252602
0.0252932
0.0253262
0.0253592
0.0253922
0.0254253
0.0254585
0.0254917
0.0255249
0.0255582
0.0255915
0.0256249
0.0256583
0.0256917
0.0257252
0.0257588
0.0257924
0.025826
0.0258597
0.0258934
0.0259271
0.0259609
0.0259948
0.0260287
0.0260626
0.0260966
0.0261306
0.0261647
0.0261988
0.026233
0.0262672
0.0263014
0.0263357
0.02637
0.0264044
0.0264388
0.0264733
0.0265078
0.0265424
0.026577
0.0266116
0.0266463
0.0266811
0.0267159
0.0267507
0.0267856
0.0268205
0.0268555
0.0268905
0.0269255
0.0269606
0.0269958
0.027031
0.0270662
0.0271015
0.0271369
0.0271722
0.0272077
0.0272431
0.0272787
0.0273142
0.0273498
0.0273855
0.0274212
0.0274569
0.0274927
0.0275286
0.0275645
0.0276004
0.0276364
0.0276724
0.0277085
0.0277446
0.0277808
0.027817
0.0278533
0.0278896
0.027926
0.0279624
0.0279988
0.0280353
0.0280719
0.0281085
0.0281451
0.0281818
0.0282186
0.0282554
0.0282922
0.0283291
0.028366
0.028403
0.02844
0.0284771
0.0285143
0.0285514
0.0285887
0.0286259
0.0286633
0.0287006
0.028738
0.0287755
0.028813
0.0288506
0.0288882
0.0289259
0.0289636
0.0290013
0.0290392
0.029077
0.0291149
0.0291529
0.0291909
0.029229
0.0292671
0.0293052
0.0293434
0.0293817
0.02942
0.0294584
0.0294968
0.0295352
0.0295737
0.0296123
0.0296509
0.0296895
0.0297283
0.029767
0.0298058
0.0298447
0.0298836
0.0299226
0.0299616
0.0300006
0.0300397
0.0300789
0.0301181
0.0301574
0.0301967
0.0302361
0.0302755
0.030315
0.0303545
0.0303941
0.0304337
0.0304734
0.0305131
0.0305529
0.0305927
0.0306326
0.0306726
0.0307125
0.0307526
0.0307927
0.0308328
0.030873
0.0309133
0.0309536
0.0309939
0.0310343
0.0310748
0.0311153
0.0311559
0.0311965
0.0312372
0.0312779
0.0313187
0.0313595
0.0314004
0.0314413
0.0314823
0.0315234
0.0315645
0.0316056
0.0316468
0.0316881
0.0317294
0.0317708
0.0318122
0.0318537
0.0318952
0.0319368
0.0319784
0.0320201
0.0320619
0.0321037
0.0321455
0.0321874
0.0322294
0.0322714
0.0323135
0.0323556
0.0323978
0.0324401
0.0324824
0.0325247
0.0325671
0.0326096
0.0326521
0.0326947
0.0327373
0.03278
0.0328227
0.0328655
0.0329083
0.0329513
0.0329942
0.0330372
0.0330803
0.0331234
0.0331666
0.0332099
0.0332532
0.0332965
0.0333399
0.0333834
0.0334269
0.0334705
0.0335141
0.0335578
0.0336016
0.0336454
0.0336893
0.0337332
0.0337772
0.0338212
0.0338653
0.0339094
0.0339537
0.0339979
0.0340423
0.0340866
0.0341311
0.0341756
0.0342201
0.0342648
0.0343094
0.0343542
0.0343989
0.0344438
0.0344887
0.0345337
0.0345787
0.0346238
0.0346689
0.0347141
0.0347594
0.0348047
0.0348501
0.0348955
0.034941
0.0349866
0.0350322
0.0350778
0.0351236
0.0351694
0.0352152
0.0352611
0.0353071
0.0353531
0.0353992
0.0354454
0.0354916
0.0355379
0.0355842
0.0356306
0.0356771
0.0357236
0.0357702
0.0358168
0.0358635
0.0359102
0.0359571
0.0360039
0.0360509
0.0360979
0.0361449
0.0361921
0.0362393
0.0362865
0.0363338
0.0363812
0.0364286
0.0364761
0.0365237
0.0365713
0.036619
0.0366667
0.0367145
0.0367624
0.0368103
0.0368583
0.0369064
0.0369545
0.0370027
0.0370509
0.0370992
0.0371476
0.037196
0.0372445
0.0372931
0.0373417
0.0373904
0.0374391
0.0374879
0.0375368
0.0375858
0.0376348
0.0376838
0.037733
0.0377822
0.0378314
0.0378807
0.0379301
0.0379796
0.0380291
0.0380787
0.0381283
0.038178
0.0382278
0.0382776
0.0383276
0.0383775
0.0384276
0.0384777
0.0385278
0.0385781
0.0386284
0.0386787
0.0387291
0.0387796
0.0388302
0.0388808
0.0389315
0.0389823
0.0390331
0.039084
0.0391349
0.039186
0.0392371
0.0392882
0.0393394
0.0393907
0.0394421
0.0394935
0.039545
0.0395966
0.0396482
0.0396999
0.0397516
0.0398035
0.0398554
0.0399073
0.0399594
0.0400115
0.0400636
0.0401159
0.0401682
0.0402205
0.040273
0.0403255
0.040378
0.0404307
0.0404834
0.0405362
0.040589
0.040642
0.0406949
0.040748
0.0408011
0.0408543
0.0409076
0.0409609
0.0410143
0.0410678
0.0411213
0.041175
0.0412286
0.0412824
0.0413362
0.0413901
0.0414441
0.0414981
0.0415522
0.0416064
0.0416606
0.0417149
0.0417693
0.0418238
0.0418783
0.0419329
0.0419876
0.0420423
0.0420971
0.042152
0.042207
0.042262
0.0423171
0.0423723
0.0424275
0.0424828
0.0425382
0.0425937
0.0426492
0.0427048
0.0427605
0.0428163
0.0428721
0.042928
0.0429839
0.04304
0.0430961
0.0431523
0.0432086
0.0432649
0.0433213
0.0433778
0.0434343
0.043491
0.0435477
0.0436044
0.0436613
0.0437182
0.0437752
0.0438323
0.0438894
0.0439467
0.044004
0.0440613
0.0441188
0.0441763
0.0442339
0.0442916
0.0443493
0.0444071
0.044465
0.044523
0.044581
0.0446392
0.0446974
0.0447556
0.044814
0.0448724
0.0449309
0.0449895
0.0450482
0.0451069
0.0451657
0.0452246
0.0452836
0.0453426
0.0454017
0.0454609
0.0455202
0.0455795
0.0456389
0.0456985
0.045758
0.0458177
0.0458774
0.0459372
0.0459971
0.0460571
0.0461172
0.0461773
0.0462375
0.0462978
0.0463581
0.0464186
0.0464791
0.0465397
0.0466004
0.0466611
0.046722
0.0467829
0.0468439
0.0469049
0.0469661
0.0470273
0.0470886
0.04715
0.0472115
0.0472731
0.0473347
0.0473964
0.0474582
0.0475201
0.047582
0.0476441
0.0477062
0.0477684
0.0478307
0.047893
0.0479555
0.048018
0.0480806
0.0481433
0.048206
0.0482689
0.0483318
0.0483948
0.0484579
0.0485211
0.0485844
0.0486477
0.0487111
0.0487747
0.0488382
0.0489019
0.0489657
0.0490295
0.0490934
0.0491575
0.0492215
0.0492857
0.04935
0.0494143
0.0494787
0.0495432
0.0496078
0.0496725
0.0497373
0.0498021
0.0498671
0.0499321
0.0499972
0.0500624
0.0501276
0.050193
0.0502584
0.050324
0.0503896
0.0504553
0.050521
0.0505869
0.0506529
0.0507189
0.050785
0.0508512
0.0509175
0.0509839
0.0510504
0.051117
0.0511836
0.0512503
0.0513172
0.0513841
0.0514511
0.0515181
0.0515853
0.0516526
0.0517199
0.0517873
0.0518549
0.0519225
0.0519902
0.0520579
0.0521258
0.0521938
0.0522618
0.05233
0.0523982
0.0524665
0.0525349
0.0526034
0.052672
0.0527407
0.0528094
0.0528783
0.0529472
0.0530162
0.0530854
0.0531546
0.0532239
0.0532933
0.0533628
0.0534323
0.053502
0.0535717
0.0536416
0.0537115
0.0537816
0.0538517
0.0539219
0.0539922
0.0540626
0.0541331
0.0542036
0.0542743
0.0543451
0.0544159
0.0544869
0.0545579
0.054629
0.0547003
0.0547716
0.054843
0.0549145
0.0549861
0.0550578
0.0551296
0.0552014
0.0552734
0.0553455
0.0554176
0.0554899
0.0555622
0.0556347
0.0557072
0.0557798
0.0558526
0.0559254
0.0559983
0.0560713
0.0561444
0.0562176
0.0562909
0.0563643
0.0564378
0.0565114
0.056585
0.0566588
0.0567327
0.0568067
0.0568807
0.0569549
0.0570291
0.0571035
0.0571779
0.0572525
0.0573271
0.0574019
0.0574767
0.0575517
0.0576267
0.0577018
0.057777
0.0578524
0.0579278
0.0580033
0.058079
0.0581547
0.0582305
0.0583064
0.0583824
0.0584585
0.0585348
0.0586111
0.0586875
0.058764
0.0588406
0.0589173
0.0589942
0.0590711
0.0591481
0.0592252
0.0593024
0.0593797
0.0594572
0.0595347
0.0596123
0.05969
0.0597678
0.0598458
0.0599238
0.0600019
0.0600801
0.0601585
0.0602369
0.0603154
0.0603941
0.0604728
0.0605517
0.0606306
0.0607097
0.0607888
0.0608681
0.0609474
0.0610269
0.0611065
0.0611861
0.0612659
0.0613458
0.0614258
0.0615058
0.061586
0.0616663
0.0617467
0.0618272
0.0619078
0.0619886
0.0620694
0.0621503
0.0622313
0.0623125
0.0623937
0.0624751
0.0625565
0.0626381
0.0627197
0.0628015
0.0628834
0.0629654
0.0630475
0.0631297
0.063212
0.0632944
0.0633769
0.0634595
0.0635423
0.0636251
0.0637081
0.0637911
0.0638743
0.0639576
0.064041
0.0641245
0.0642081
0.0642918
0.0643756
0.0644595
0.0645436
0.0646277
0.064712
0.0647964
0.0648808
0.0649654
0.0650501
0.0651349
0.0652199
0.0653049
0.06539
0.0654753
0.0655607
0.0656461
0.0657317
0.0658174
0.0659032
0.0659891
0.0660752
0.0661613
0.0662476
0.066334
0.0664204
0.066507
0.0665938
0.0666806
0.0667675
0.0668546
0.0669417
0.067029
0.0671164
0.0672039
0.0672915
0.0673793
0.0674671
0.0675551
0.0676431
0.0677313
0.0678196
0.0679081
0.0679966
0.0680853
0.068174
0.0682629
0.0683519
0.068441
0.0685303
0.0686196
0.0687091
0.0687986
0.0688883
0.0689782
0.0690681
0.0691581
0.0692483
0.0693386
0.069429
0.0695195
0.0696102
0.0697009
0.0697918
0.0698828
0.0699739
0.0700651
0.0701565
0.0702479
0.0703395
0.0704312
0.0705231
0.070615
0.0707071
0.0707993
0.0708916
0.070984
0.0710765
0.0711692
0.071262
0.0713549
0.0714479
0.0715411
0.0716344
0.0717278
0.0718213
0.0719149
0.0720087
0.0721026
0.0721966
0.0722907
0.0723849
0.0724793
0.0725738
0.0726684
0.0727632
0.072858
0.072953
0.0730481
0.0731434
0.0732387
0.0733342
0.0734298
0.0735256
0.0736214
0.0737174
0.0738135
0.0739098
0.0740061
0.0741026
0.0741992
0.074296
0.0743928
0.0744898
0.074587
0.0746842
0.0747816
0.0748791
0.0749767
0.0750744
0.0751723
0.0752703
0.0753685
0.0754667
0.0755651
0.0756636
0.0757623
0.0758611
0.07596
0.076059
0.0761582
0.0762575
0.0763569
0.0764564
0.0765561
0.0766559
0.0767559
0.076856
0.0769562
0.0770565
0.077157
0.0772576
0.0773583
0.0774591
0.0775601
0.0776613
0.0777625
0.0778639
0.0779654
0.0780671
0.0781688
0.0782708
0.0783728
0.078475
0.0785773
0.0786797
0.0787823
0.078885
0.0789879
0.0790909
0.079194
0.0792972
0.0794006
0.0795041
0.0796078
0.0797116
0.0798155
0.0799196
0.0800238
0.0801281
0.0802326
0.0803372
0.0804419
0.0805468
0.0806518
0.080757
0.0808623
0.0809677
0.0810733
0.081179
0.0812848
0.0813908
0.0814969
0.0816031
0.0817095
0.0818161
0.0819227
0.0820295
0.0821365
0.0822436
0.0823508
0.0824582
0.0825657
0.0826733
0.0827811
0.082889
0.0829971
0.0831053
0.0832137
0.0833222
0.0834308
0.0835396
0.0836485
0.0837575
0.0838667
0.0839761
0.0840856
0.0841952
0.084305
0.0844149
0.084525
0.0846352
0.0847455
0.084856
0.0849666
0.0850774
0.0851883
0.0852994
0.0854106
0.085522
0.0856335
0.0857451
0.0858569
0.0859688
0.0860809
0.0861932
0.0863055
0.0864181
0.0865307
0.0866435
0.0867565
0.0868696
0.0869829
0.0870963
0.0872098
0.0873235
0.0874374
0.0875514
0.0876655
0.0877798
0.0878943
0.0880089
0.0881236
0.0882385
0.0883535
0.0884687
0.0885841
0.0886996
0.0888152
0.088931
0.089047
0.0891631
0.0892793
0.0893957
0.0895123
0.089629
0.0897458
0.0898628
0.08998
0.0900973
0.0902148
0.0903324
0.0904502
0.0905681
0.0906862
0.0908044
0.0909228
0.0910413
0.09116
0.0912789
0.0913979
0.0915171
0.0916364
0.0917559
0.0918755
0.0919953
0.0921152
0.0922353
0.0923556
0.092476
0.0925965
0.0927173
0.0928382
0.0929592
0.0930804
0.0932017
0.0933233
0.0934449
0.0935668
0.0936888
0.0938109
0.0939332
0.0940557
0.0941783
0.0943011
0.094424
0.0945472
0.0946704
0.0947938
0.0949174
0.0950412
0.0951651
0.0952892
0.0954134
0.0955378
0.0956624
0.0957871
0.095912
0.096037
0.0961622
0.0962876
0.0964132
0.0965389
0.0966647
0.0967907
0.0969169
0.0970433
0.0971698
0.0972965
0.0974234
0.0975504
0.0976776
0.0978049
0.0979324
0.0980601
0.098188
0.098316
0.0984442
0.0985725
0.098701
0.0988297
0.0989586
0.0990876
0.0992168
0.0993461
0.0994757
0.0996053
0.0997352
0.0998652
0.0999954
0.100126
0.100256
0.100387
0.100518
0.100649
0.10078
0.100912
0.101043
0.101175
0.101307
0.101439
0.101571
0.101704
0.101836
0.101969
0.102102
0.102235
0.102368
0.102502
0.102635
0.102769
0.102903
0.103037
0.103172
0.103306
0.103441
0.103576
0.103711
0.103846
0.103981
0.104117
0.104253
0.104389
0.104525
0.104661
0.104798
0.104934
0.105071
0.105208
0.105345
0.105482
0.10562
0.105758
0.105896
0.106034
0.106172
0.10631
0.106449
0.106588
0.106727
0.106866
0.107005
0.107145
0.107284
0.107424
0.107564
0.107705
0.107845
0.107986
0.108126
0.108267
0.108408
0.10855
0.108691
0.108833
0.108975
0.109117
0.109259
0.109402
0.109544
0.109687
0.10983
0.109973
0.110117
0.11026
0.110404
0.110548
0.110692
0.110836
0.110981
0.111126
0.111271
0.111416
0.111561
0.111706
0.111852
0.111998
0.112144
0.11229
0.112436
0.112583
0.11273
0.112877
0.113024
0.113171
0.113319
0.113467
0.113615
0.113763
0.113911
0.11406
0.114208
0.114357
0.114506
0.114656
0.114805
0.114955
0.115105
0.115255
0.115405
0.115555
0.115706
0.115857
0.116008
0.116159
0.116311
0.116462
0.116614
0.116766
0.116918
0.117071
0.117223
0.117376
0.117529
0.117683
0.117836
0.11799
0.118143
0.118297
0.118452
0.118606
0.118761
0.118916
0.119071
0.119226
0.119381
0.119537
0.119693
0.119849
0.120005
0.120162
0.120318
0.120475
0.120632
0.120789
0.120947
0.121105
0.121263
0.121421
0.121579
0.121737
0.121896
0.122055
0.122214
0.122374
0.122533
0.122693
0.122853
0.123013
0.123173
0.123334
0.123495
0.123656
0.123817
0.123978
0.12414
0.124302
0.124464
0.124626
0.124789
0.124951
0.125114
0.125278
0.125441
0.125604
0.125768
0.125932
0.126096
0.126261
0.126425
0.12659
0.126755
0.12692
0.127086
0.127252
0.127418
0.127584
0.12775
0.127917
0.128083
0.12825
0.128418
0.128585
0.128753
0.12892
0.129089
0.129257
0.129425
0.129594
0.129763
0.129932
0.130102
0.130271
0.130441
0.130611
0.130781
0.130952
0.131123
0.131294
0.131465
0.131636
0.131808
0.13198
0.132152
0.132324
0.132497
0.132669
0.132842
0.133016
0.133189
0.133363
0.133536
0.133711
0.133885
0.134059
0.134234
0.134409
0.134585
0.13476
0.134936
0.135112
0.135288
0.135464
0.135641
0.135818
0.135995
0.136172
0.13635
0.136527
0.136705
0.136884
0.137062
0.137241
0.13742
0.137599
0.137778
0.137958
0.138138
0.138318
0.138498
0.138679
0.13886
0.139041
0.139222
0.139403
0.139585
0.139767
0.139949
0.140132
0.140314
0.140497
0.140681
0.140864
0.141048
0.141232
0.141416
0.1416
0.141785
0.14197
0.142155
0.14234
0.142526
0.142711
0.142897
0.143084
0.14327
0.143457
0.143644
0.143831
0.144019
0.144207
0.144395
0.144583
0.144771
0.14496
0.145149
0.145338
0.145528
0.145718
0.145908
0.146098
0.146288
0.146479
0.14667
0.146861
0.147053
0.147244
0.147436
0.147629
0.147821
0.148014
0.148207
0.1484
0.148594
0.148787
0.148981
0.149176
0.14937
0.149565
0.14976
0.149955
0.150151
0.150346
0.150542
0.150739
0.150935
0.151132
0.151329
0.151526
0.151724
0.151922
0.15212
0.152318
0.152517
0.152715
0.152915
0.153114
0.153314
0.153513
0.153714
0.153914
0.154115
0.154316
0.154517
0.154718
0.15492
0.155122
0.155324
0.155527
0.155729
0.155933
0.156136
0.156339
0.156543
0.156747
0.156952
0.157156
0.157361
0.157566
0.157772
0.157977
0.158183
0.15839
0.158596
0.158803
0.15901
0.159217
0.159425
0.159633
0.159841
0.160049
0.160258
0.160467
0.160676
0.160886
0.161095
0.161305
0.161516
0.161726
0.161937
0.162148
0.16236
0.162571
0.162783
0.162996
0.163208
0.163421
0.163634
0.163847
0.164061
0.164275
0.164489
0.164703
0.164918
0.165133
0.165348
0.165564
0.16578
0.165996
0.166212
0.166429
0.166646
0.166863
0.167081
0.167299
0.167517
0.167735
0.167954
0.168173
0.168392
0.168612
0.168832
0.169052
0.169272
0.169493
0.169714
0.169935
0.170157
0.170379
0.170601
0.170823
0.171046
0.171269
0.171492
0.171716
0.17194
0.172164
0.172388
0.172613
0.172838
0.173063
0.173289
0.173515
0.173741
0.173968
0.174194
0.174422
0.174649
0.174877
0.175105
0.175333
0.175562
0.17579
0.17602
0.176249
0.176479
0.176709
0.176939
0.17717
0.177401
0.177632
0.177864
0.178096
0.178328
0.178561
0.178793
0.179026
0.17926
0.179494
0.179728
0.179962
0.180197
0.180432
0.180667
0.180902
0.181138
0.181374
0.181611
0.181848
0.182085
0.182322
0.18256
0.182798
0.183036
0.183275
0.183514
0.183753
0.183993
0.184232
0.184473
0.184713
0.184954
0.185195
0.185437
0.185678
0.18592
0.186163
0.186406
0.186649
0.186892
0.187136
0.18738
0.187624
0.187868
0.188113
0.188359
0.188604
0.18885
0.189096
0.189343
0.18959
0.189837
0.190084
0.190332
0.19058
0.190829
0.191078
0.191327
0.191576
0.191826
0.192076
0.192327
0.192577
0.192828
0.19308
0.193332
0.193584
0.193836
0.194089
0.194342
0.194595
0.194849
0.195103
0.195357
0.195612
0.195867
0.196122
0.196378
0.196634
0.19689
0.197147
0.197404
0.197662
0.197919
0.198177
0.198436
0.198694
0.198953
0.199213
0.199473
0.199733
0.199993
0.200254
0.200515
0.200776
0.201038
0.2013
0.201563
0.201825
0.202089
0.202352
0.202616
0.20288
0.203145
0.203409
0.203675
0.20394
0.204206
0.204472
0.204739
0.205006
0.205273
0.205541
0.205809
0.206077
0.206346
0.206615
0.206884
0.207154
0.207424
0.207694
0.207965
0.208236
0.208508
0.20878
0.209052
0.209324
0.209597
0.209871
0.210144
0.210418
0.210693
0.210967
0.211242
0.211518
0.211793
0.21207
0.212346
0.212623
0.2129
0.213178
0.213456
0.213734
0.214013
0.214292
0.214571
0.214851
0.215131
0.215411
0.215692
0.215973
0.216255
0.216537
0.216819
0.217102
0.217385
0.217668
0.217952
0.218236
0.218521
0.218806
0.219091
0.219377
0.219663
0.219949
0.220236
0.220523
0.220811
0.221098
0.221387
0.221675
0.221964
0.222254
0.222544
0.222834
0.223124
0.223415
0.223706
0.223998
0.22429
0.224583
0.224875
0.225169
0.225462
0.225756
0.22605
0.226345
0.22664
0.226936
0.227232
0.227528
0.227825
0.228122
0.228419
0.228717
0.229015
0.229314
0.229613
0.229912
0.230212
0.230512
0.230812
0.231113
0.231415
0.231716
0.232018
0.232321
0.232624
0.232927
0.233231
0.233535
0.233839
0.234144
0.234449
0.234755
0.235061
0.235368
0.235675
0.235982
0.236289
0.236598
0.236906
0.237215
0.237524
0.237834
0.238144
0.238454
0.238765
0.239077
0.239388
0.2397
0.240013
0.240326
0.240639
0.240953
0.241267
0.241582
0.241897
0.242212
0.242528
0.242844
0.243161
0.243478
0.243795
0.244113
0.244431
0.24475
0.245069
0.245388
0.245708
0.246029
0.24635
0.246671
0.246992
0.247314
0.247637
0.24796
0.248283
0.248607
0.248931
0.249255
0.24958
0.249906
0.250231
0.250558
0.250884
0.251212
0.251539
0.251867
0.252195
0.252524
0.252853
0.253183
0.253513
0.253844
0.254175
0.254506
0.254838
0.25517
0.255503
0.255836
0.256169
0.256503
0.256838
0.257173
0.257508
0.257844
0.25818
0.258517
0.258854
0.259191
0.259529
0.259867
0.260206
0.260545
0.260885
0.261225
0.261566
0.261907
0.262248
0.26259
0.262933
0.263275
0.263619
0.263962
0.264307
0.264651
0.264996
0.265342
0.265688
0.266034
0.266381
0.266728
0.267076
0.267424
0.267773
0.268122
0.268471
0.268821
0.269172
0.269523
0.269874
0.270226
0.270578
0.270931
0.271284
0.271638
0.271992
0.272347
0.272702
0.273058
0.273414
0.27377
0.274127
0.274484
0.274842
0.275201
0.275559
0.275919
0.276278
0.276639
0.276999
0.27736
0.277722
0.278084
0.278447
0.27881
0.279173
0.279537
0.279902
0.280267
0.280632
0.280998
0.281364
0.281731
0.282098
0.282466
0.282834
0.283203
0.283572
0.283942
0.284312
0.284683
0.285054
0.285426
0.285798
0.286171
0.286544
0.286917
0.287291
0.287666
0.288041
0.288417
0.288793
0.289169
0.289546
0.289924
0.290302
0.29068
0.291059
0.291439
0.291819
0.292199
0.29258
0.292961
0.293343
0.293726
0.294109
0.294492
0.294876
0.295261
0.295646
0.296031
0.296417
0.296803
0.29719
0.297578
0.297966
0.298354
0.298743
0.299133
0.299523
0.299913
0.300304
0.300696
0.301088
0.30148
0.301874
0.302267
0.302661
0.303056
0.303451
0.303847
0.304243
0.304639
0.305037
0.305434
0.305832
0.306231
0.30663
0.30703
0.307431
0.307831
0.308233
0.308635
0.309037
0.30944
0.309843
0.310247
0.310652
0.311057
0.311462
0.311868
0.312275
0.312682
0.31309
0.313498
0.313907
0.314316
0.314726
0.315136
0.315547
0.315958
0.31637
0.316783
0.317196
0.317609
0.318024
0.318438
0.318853
0.319269
0.319685
0.320102
0.320519
0.320937
0.321356
0.321775
0.322194
0.322614
0.323035
0.323456
0.323878
0.3243
0.324723
0.325146
0.32557
0.325995
0.32642
0.326845
0.327271
0.327698
0.328125
0.328553
0.328981
0.32941
0.32984
0.33027
0.330701
0.331132
0.331563
0.331996
0.332429
0.332862
0.333296
0.33373
0.334166
0.334601
0.335038
0.335474
0.335912
0.33635
0.336788
0.337227
0.337667
0.338107
0.338548
0.338989
0.339431
0.339874
0.340317
0.340761
0.341205
0.34165
0.342095
0.342541
0.342988
0.343435
0.343883
0.344331
0.34478
0.34523
0.34568
0.34613
0.346582
0.347034
0.347486
0.347939
0.348393
0.348847
0.349302
0.349757
0.350213
0.35067
0.351127
0.351585
0.352043
0.352502
0.352962
0.353422
0.353883
0.354344
0.354806
0.355269
0.355732
0.356196
0.35666
0.357125
0.357591
0.358057
0.358524
0.358991
0.359459
0.359928
0.360397
0.360867
0.361337
0.361809
0.36228
0.362753
0.363226
0.363699
0.364173
0.364648
0.365124
0.3656
0.366076
0.366554
0.367031
0.36751
0.367989
0.368469
0.368949
0.36943
0.369912
0.370394
0.370877
0.371361
0.371845
0.37233
0.372815
0.373301
0.373788
0.374275
0.374763
0.375252
0.375741
0.376231
0.376721
0.377213
0.377704
0.378197
0.37869
0.379184
0.379678
0.380173
0.380669
0.381165
0.381662
0.38216
0.382658
0.383157
0.383656
0.384157
0.384657
0.385159
0.385661
0.386164
0.386667
0.387171
0.387676
0.388182
0.388688
0.389195
0.389702
0.39021
0.390719
0.391228
0.391738
0.392249
0.39276
0.393273
0.393785
0.394299
0.394813
0.395327
0.395843
0.396359
0.396876
0.397393
0.397911
0.39843
0.39895
0.39947
0.399991
0.400512
0.401034
0.401557
0.402081
0.402605
0.40313
0.403655
0.404182
0.404709
0.405236
0.405765
0.406294
0.406823
0.407354
0.407885
0.408417
0.408949
0.409482
0.410016
0.410551
0.411086
0.411622
0.412159
0.412696
0.413234
0.413773
0.414312
0.414852
0.415393
0.415935
0.416477
0.41702
0.417564
0.418108
0.418653
0.419199
0.419746
0.420293
0.420841
0.42139
0.421939
0.422489
0.42304
0.423592
0.424144
0.424697
0.425251
0.425805
0.42636
0.426916
0.427473
0.42803
0.428588
0.429147
0.429706
0.430267
0.430827
0.431389
0.431952
0.432515
0.433079
0.433643
0.434209
0.434775
0.435342
0.435909
0.436478
0.437047
0.437616
0.438187
0.438758
0.43933
0.439903
0.440477
0.441051
0.441626
0.442202
0.442778
0.443356
0.443934
0.444512
0.445092
0.445672
0.446253
0.446835
0.447418
0.448001
0.448585
0.44917
0.449756
0.450342
0.450929
0.451517
0.452106
0.452695
0.453285
0.453876
0.454468
0.455061
0.455654
0.456248
0.456843
0.457439
0.458035
0.458632
0.45923
0.459829
0.460428
0.461029
0.46163
0.462232
0.462834
0.463438
0.464042
0.464647
0.465253
0.465859
0.466467
0.467075
0.467684
0.468293
0.468904
0.469515
0.470128
0.47074
0.471354
0.471969
0.472584
0.4732
0.473817
0.474435
0.475054
0.475673
0.476293
0.476914
0.477536
0.478158
0.478782
0.479406
0.480031
0.480657
0.481284
0.481911
0.482539
0.483169
0.483798
0.484429
0.485061
0.485693
0.486326
0.486961
0.487595
0.488231
0.488868
0.489505
0.490143
0.490782
0.491422
0.492063
0.492704
0.493347
0.49399
0.494634
0.495279
0.495925
0.496571
0.497219
0.497867
0.498516
0.499166
0.499817
0.500468
0.501121
0.501774
0.502429
0.503084
0.503739
0.504396
0.505054
0.505712
0.506372
0.507032
0.507693
0.508355
0.509018
0.509681
0.510346
0.511011
0.511677
0.512345
0.513013
0.513681
0.514351
0.515022
0.515693
0.516366
0.517039
0.517713
0.518388
0.519064
0.51974
0.520418
0.521097
0.521776
0.522456
0.523137
0.523819
0.524502
0.525186
0.525871
0.526557
0.527243
0.527931
0.528619
0.529308
0.529998
0.530689
0.531381
0.532074
0.532768
0.533462
0.534158
0.534854
0.535551
0.53625
0.536949
0.537649
0.53835
0.539052
0.539755
0.540458
0.541163
0.541868
0.542575
0.543282
0.543991
0.5447
0.54541
0.546121
0.546833
0.547546
0.54826
0.548975
0.549691
0.550407
0.551125
0.551843
0.552563
0.553283
0.554005
0.554727
0.55545
0.556174
0.556899
0.557626
0.558353
0.559081
0.559809
0.560539
0.56127
0.562002
0.562735
0.563468
0.564203
0.564939
0.565675
0.566413
0.567151
0.567891
0.568631
0.569372
0.570115
0.570858
0.571602
0.572347
0.573094
0.573841
0.574589
0.575338
0.576088
0.576839
0.577591
0.578344
0.579099
0.579854
0.58061
0.581367
0.582124
0.582883
0.583643
0.584404
0.585166
0.585929
0.586693
0.587458
0.588224
0.588991
0.589759
0.590528
0.591298
0.592069
0.59284
0.593613
0.594387
0.595162
0.595938
0.596715
0.597493
0.598272
0.599052
0.599833
0.600615
0.601398
0.602182
0.602968
0.603754
0.604541
0.605329
0.606118
0.606909
0.6077
0.608492
0.609285
0.61008
0.610875
0.611672
0.612469
0.613268
0.614067
0.614868
0.615669
0.616472
0.617276
0.618081
0.618887
0.619693
0.620501
0.62131
0.62212
0.622932
0.623744
0.624557
0.625371
0.626187
0.627003
0.62782
0.628639
0.629459
0.630279
0.631101
0.631924
0.632748
0.633573
0.634399
0.635226
0.636054
0.636883
0.637714
0.638545
0.639378
0.640211
0.641046
0.641882
0.642719
0.643557
0.644396
0.645236
0.646077
0.646919
0.647763
0.648607
0.649453
0.6503
0.651148
0.651996
0.652847
0.653698
0.65455
0.655403
0.656258
0.657113
0.65797
0.658828
0.659687
0.660547
0.661408
0.662271
0.663134
0.663999
0.664864
0.665731
0.666599
0.667468
0.668338
0.66921
0.670082
0.670956
0.671831
0.672707
0.673584
0.674462
0.675341
0.676222
0.677103
0.677986
0.67887
0.679755
0.680642
0.681529
0.682417
0.683307
0.684198
0.68509
0.685983
0.686878
0.687773
0.68867
0.689568
0.690467
0.691367
0.692268
0.693171
0.694075
0.69498
0.695886
0.696793
0.697702
0.698611
0.699522
0.700434
0.701347
0.702262
0.703177
0.704094
0.705012
0.705931
0.706852
0.707773
0.708696
0.70962
0.710545
0.711471
0.712399
0.713328
0.714258
0.715189
0.716122
0.717055
0.71799
0.718926
0.719864
0.720802
0.721742
0.722683
0.723625
0.724569
0.725513
0.726459
0.727406
0.728355
0.729304
0.730255
0.731207
0.732161
0.733115
0.734071
0.735028
0.735986
0.736946
0.737907
0.738869
0.739832
0.740797
0.741762
0.74273
0.743698
0.744668
0.745638
0.746611
0.747584
0.748559
0.749535
0.750512
0.75149
0.75247
0.753451
0.754434
0.755417
0.756402
0.757388
0.758376
0.759364
0.760354
0.761346
0.762338
0.763332
0.764328
0.765324
0.766322
0.767321
0.768321
0.769323
0.770326
0.77133
0.772336
0.773343
0.774351
0.775361
0.776372
0.777384
0.778398
0.779412
0.780429
0.781446
0.782465
0.783485
0.784507
0.785529
0.786554
0.787579
0.788606
0.789634
0.790664
0.791694
0.792727
0.79376
0.794795
0.795831
0.796869
0.797908
0.798948
0.79999
0.801033
0.802077
0.803123
0.80417
0.805218
0.806268
0.807319
0.808372
0.809426
0.810481
0.811538
0.812596
0.813655
0.814716
0.815779
0.816842
0.817907
0.818973
0.820041
0.82111
0.822181
0.823253
0.824326
0.825401
0.826477
0.827555
0.828634
0.829714
0.830796
0.831879
0.832963
0.834049
0.835137
0.836226
0.837316
0.838408
0.839501
0.840595
0.841691
0.842789
0.843887
0.844988
0.846089
0.847192
0.848297
0.849403
0.85051
0.851619
0.85273
0.853841
0.854955
0.856069
0.857185
0.858303
0.859422
0.860542
0.861664
0.862788
0.863913
0.865039
0.866167
0.867296
0.868427
0.869559
0.870693
0.871828
0.872965
0.874103
0.875243
0.876384
0.877526
0.87867
0.879816
0.880963
0.882112
0.883262
0.884413
0.885566
0.886721
0.887877
0.889035
0.890194
0.891354
0.892516
0.89368
0.894845
0.896012
0.89718
0.89835
0.899521
0.900694
0.901868
0.903044
0.904221
0.9054
0.906581
0.907763
0.908946
0.910131
0.911318
0.912506
0.913696
0.914887
0.91608
0.917274
0.91847
0.919668
0.920867
0.922067
0.923269
0.924473
0.925678
0.926885
0.928094
0.929304
0.930515
0.931729
0.932943
0.93416
0.935378
0.936597
0.937818
0.939041
0.940265
0.941491
0.942719
0.943948
0.945179
0.946411
0.947645
0.94888
0.950117
0.951356
0.952596
0.953838
0.955082
0.956327
0.957574
0.958823
0.960073
0.961324
0.962578
0.963833
0.965089
0.966348
0.967608
0.968869
0.970132
0.971397
0.972664
0.973932
0.975202
0.976473
0.977746
0.979021
0.980297
0.981575
0.982855
0.984137
0.98542
0.986704
0.987991
0.989279
0.990569
0.99186
0.993153
0.994448
0.995745
0.997043
0.998343
0.999645
1.00095
1.00225
1.00356
1.00487
1.00618
1.00749
1.0088
1.01012
1.01144
1.01275
1.01407
1.0154
1.01672
1.01805
1.01937
1.0207
1.02203
1.02337
1.0247
1.02604
1.02737
1.02871
1.03005
1.0314
1.03274
1.03409
1.03544
1.03679
1.03814
1.03949
1.04085
1.0422
1.04356
1.04492
1.04629
1.04765
1.04902
1.05038
1.05175
1.05312
1.0545
1.05587
1.05725
1.05863
1.06001
1.06139
1.06277
1.06416
1.06555
1.06694
1.06833
1.06972
1.07111
1.07251
1.07391
1.07531
1.07671
1.07812
1.07952
1.08093
1.08234
1.08375
1.08516
1.08658
1.08799
1.08941
1.09083
1.09225
1.09368
1.0951
1.09653
1.09796
1.09939
1.10083
1.10226
1.1037
1.10514
1.10658
1.10802
1.10947
1.11091
1.11236
1.11381
1.11526
1.11672
1.11817
1.11963
1.12109
1.12255
1.12402
1.12548
1.12695
1.12842
1.12989
1.13136
1.13284
1.13431
1.13579
1.13727
1.13876
1.14024
1.14173
1.14322
1.14471
1.1462
1.14769
1.14919
1.15069
1.15219
1.15369
1.1552
1.1567
1.15821
1.15972
1.16123
1.16275
1.16426
1.16578
1.1673
1.16882
1.17035
1.17187
1.1734
1.17493
1.17646
1.17799
1.17953
1.18107
1.18261
1.18415
1.18569
1.18724
1.18879
1.19034
1.19189
1.19344
1.195
1.19656
1.19812
1.19968
1.20124
1.20281
1.20438
1.20595
1.20752
1.20909
1.21067
1.21225
1.21383
1.21541
1.217
1.21858
1.22017
1.22176
1.22336
1.22495
1.22655
1.22815
1.22975
1.23135
1.23296
1.23457
1.23617
1.23779
1.2394
1.24102
1.24263
1.24425
1.24588
1.2475
1.24913
1.25076
1.25239
1.25402
1.25565
1.25729
1.25893
1.26057
1.26222
1.26386
1.26551
1.26716
1.26881
1.27047
1.27212
1.27378
1.27544
1.2771
1.27877
1.28044
1.28211
1.28378
1.28545
1.28713
1.28881
1.29049
1.29217
1.29385
1.29554
1.29723
1.29892
1.30061
1.30231
1.30401
1.30571
1.30741
1.30911
1.31082
1.31253
1.31424
1.31595
1.31767
1.31939
1.32111
1.32283
1.32456
1.32628
1.32801
1.32974
1.33148
1.33321
1.33495
1.33669
1.33843
1.34018
1.34193
1.34368
1.34543
1.34718
1.34894
1.3507
1.35246
1.35422
1.35599
1.35776
1.35953
1.3613
1.36307
1.36485
1.36663
1.36841
1.3702
1.37198
1.37377
1.37556
1.37735
1.37915
1.38095
1.38275
1.38455
1.38636
1.38816
1.38997
1.39179
1.3936
1.39542
1.39724
1.39906
1.40088
1.40271
1.40454
1.40637
1.4082
1.41004
1.41188
1.41372
1.41556
1.41741
1.41926
1.42111
1.42296
1.42481
1.42667
1.42853
1.43039
1.43226
1.43413
1.436
1.43787
1.43974
1.44162
1.4435
1.44538
1.44727
1.44915
1.45104
1.45293
1.45483
1.45673
1.45862
1.46053
1.46243
1.46434
1.46625
1.46816
1.47007
1.47199
1.47391
1.47583
1.47775
1.47968
1.48161
1.48354
1.48548
1.48741
1.48935
1.49129
1.49324
1.49518
1.49713
1.49909
1.50104
1.503
1.50496
1.50692
1.50888
1.51085
1.51282
1.51479
1.51677
1.51875
1.52073
1.52271
1.52469
1.52668
1.52867
1.53066
1.53266
1.53466
1.53666
1.53866
1.54067
1.54268
1.54469
1.5467
1.54872
1.55074
1.55276
1.55479
1.55681
1.55884
1.56087
1.56291
1.56495
1.56699
1.56903
1.57108
1.57312
1.57518
1.57723
1.57929
1.58134
1.58341
1.58547
1.58754
1.58961
1.59168
1.59376
1.59583
1.59791
1.6
1.60208
1.60417
1.60626
1.60836
1.61045
1.61255
1.61466
1.61676
1.61887
1.62098
1.62309
1.62521
1.62733
1.62945
1.63157
1.6337
1.63583
1.63796
1.6401
1.64224
1.64438
1.64652
1.64867
1.65082
1.65297
1.65513
1.65729
1.65945
1.66161
1.66378
1.66595
1.66812
1.67029
1.67247
1.67465
1.67683
1.67902
1.68121
1.6834
1.6856
1.68779
1.68999
1.6922
1.6944
1.69661
1.69882
1.70104
1.70326
1.70548
1.7077
1.70993
1.71216
1.71439
1.71662
1.71886
1.7211
1.72335
1.72559
1.72784
1.7301
1.73235
1.73461
1.73687
1.73914
1.7414
1.74368
1.74595
1.74822
1.7505
1.75279
1.75507
1.75736
1.75965
1.76195
1.76424
1.76654
1.76885
1.77115
1.77346
1.77577
1.77809
1.78041
1.78273
1.78505
1.78738
1.78971
1.79204
1.79438
1.79672
1.79906
1.80141
1.80376
1.80611
1.80846
1.81082
1.81318
1.81555
1.81791
1.82028
1.82266
1.82503
1.82741
1.82979
1.83218
1.83457
1.83696
1.83936
1.84175
1.84415
1.84656
1.84897
1.85138
1.85379
1.85621
1.85863
1.86105
1.86348
1.86591
1.86834
1.87078
1.87321
1.87566
1.8781
1.88055
1.883
1.88546
1.88792
1.89038
1.89284
1.89531
1.89778
1.90026
1.90273
1.90521
1.9077
1.91018
1.91268
1.91517
1.91767
1.92017
1.92267
1.92518
1.92769
1.9302
1.93272
1.93524
1.93776
1.94029
1.94282
1.94535
1.94788
1.95042
1.95297
1.95551
1.95806
1.96062
1.96317
1.96573
1.96829
1.97086
1.97343
1.976
1.97858
1.98116
1.98374
1.98633
1.98892
1.99151
1.99411
1.99671
1.99931
2.00192
2.00453
2.00714
2.00976
2.01238
2.015
2.01763
2.02026
2.02289
2.02553
2.02817
2.03082
2.03346
2.03612
2.03877
2.04143
2.04409
2.04675
2.04942
2.05209
2.05477
2.05745
2.06013
2.06282
2.06551
2.0682
2.0709
2.0736
2.0763
2.07901
2.08172
2.08443
2.08715
2.08987
2.0926
2.09532
2.09806
2.10079
2.10353
2.10627
2.10902
2.11177
2.11452
2.11728
2.12004
2.1228
2.12557
2.12834
2.13112
2.1339
2.13668
2.13946
2.14225
2.14505
2.14784
2.15064
2.15345
2.15625
2.15907
2.16188
2.1647
2.16752
2.17035
2.17318
2.17601
2.17885
2.18169
2.18453
2.18738
2.19023
2.19309
2.19595
2.19881
2.20168
2.20455
2.20742
2.2103
2.21318
2.21607
2.21896
2.22185
2.22475
2.22765
2.23055
2.23346
2.23637
2.23929
2.24221
2.24513
2.24806
2.25099
2.25392
2.25686
2.2598
2.26275
2.2657
2.26865
2.27161
2.27457
2.27754
2.28051
2.28348
2.28646
2.28944
2.29242
2.29541
2.29841
2.3014
2.3044
2.30741
2.31042
2.31343
2.31644
2.31946
2.32249
2.32552
2.32855
2.33158
2.33462
2.33767
2.34072
2.34377
2.34682
2.34988
2.35295
2.35601
2.35909
2.36216
2.36524
2.36833
2.37141
2.37451
2.3776
2.3807
2.38381
2.38691
2.39003
2.39314
2.39626
2.39939
2.40251
2.40565
2.40878
2.41192
2.41507
2.41822
2.42137
2.42453
2.42769
2.43085
2.43402
2.43719
2.44037
2.44355
2.44674
2.44993
2.45312
2.45632
2.45953
2.46273
2.46594
2.46916
2.47238
2.4756
2.47883
2.48206
2.4853
2.48854
2.49178
2.49503
2.49828
2.50154
2.5048
2.50807
2.51134
2.51461
2.51789
2.52117
2.52446
2.52775
2.53105
2.53435
2.53765
2.54096
2.54427
2.54759
2.55091
2.55424
2.55757
2.5609
2.56424
2.56758
2.57093
2.57428
2.57764
2.581
2.58436
2.58773
2.59111
2.59449
2.59787
2.60126
2.60465
2.60804
2.61144
2.61485
2.61826
2.62167
2.62509
2.62851
2.63194
2.63537
2.63881
2.64225
2.64569
2.64914
2.65259
2.65605
2.65952
2.66298
2.66645
2.66993
2.67341
2.6769
2.68039
2.68388
2.68738
2.69089
2.69439
2.69791
2.70142
2.70495
2.70847
2.712
2.71554
2.71908
2.72263
2.72618
2.72973
2.73329
2.73685
2.74042
2.74399
2.74757
2.75115
2.75474
2.75833
2.76193
2.76553
2.76913
2.77274
2.77636
2.77998
2.7836
2.78723
2.79087
2.79451
2.79815
2.8018
2.80545
2.80911
2.81277
2.81644
2.82011
2.82379
2.82747
2.83115
2.83485
2.83854
2.84224
2.84595
2.84966
2.85337
2.85709
2.86082
2.86455
2.86828
2.87202
2.87577
2.87952
2.88327
2.88703
2.89079
2.89456
2.89834
2.90212
2.9059
2.90969
2.91348
2.91728
2.92108
2.92489
2.92871
2.93252
2.93635
2.94018
2.94401
2.94785
2.95169
2.95554
2.95939
2.96325
2.96711
2.97098
2.97486
2.97874
2.98262
2.98651
2.9904
2.9943
2.9982
3.00211
3.00603
3.00995
3.01387
3.0178
3.02173
3.02567
3.02962
3.03357
3.03752
3.04148
3.04545
3.04942
3.0534
3.05738
3.06136
3.06535
3.06935
3.07335
3.07736
3.08137
3.08539
3.08941
3.09344
3.09747
3.10151
3.10556
3.1096
3.11366
3.11772
3.12178
3.12585
3.12993
3.13401
3.1381
3.14219
3.14628
3.15039
3.15449
3.15861
3.16272
3.16685
3.17098
3.17511
3.17925
3.18339
3.18755
3.1917
3.19586
3.20003
3.2042
3.20838
3.21256
3.21675
3.22094
3.22514
3.22935
3.23356
3.23777
3.242
3.24622
3.25046
3.25469
3.25894
3.26319
3.26744
3.2717
3.27597
3.28024
3.28451
3.2888
3.29308
3.29738
3.30168
3.30598
3.31029
3.31461
3.31893
3.32326
3.32759
3.33193
3.33627
3.34062
3.34498
3.34934
3.3537
3.35808
3.36245
3.36684
3.37123
3.37562
3.38002
3.38443
3.38884
3.39326
3.39769
3.40212
3.40655
3.41099
3.41544
3.41989
3.42435
3.42882
3.43329
3.43776
3.44225
3.44673
3.45123
3.45573
3.46023
3.46474
3.46926
3.47378
3.47831
3.48285
3.48739
3.49194
3.49649
3.50105
3.50561
3.51018
3.51476
3.51934
3.52393
3.52852
3.53312
3.53773
3.54234
3.54696
3.55159
3.55622
3.56085
3.5655
3.57014
3.5748
3.57946
3.58413
3.5888
3.59348
3.59816
3.60285
3.60755
3.61226
3.61696
3.62168
3.6264
3.63113
3.63586
3.6406
3.64535
3.6501
3.65486
3.65963
3.6644
3.66918
3.67396
3.67875
3.68355
3.68835
3.69316
3.69797
3.70279
3.70762
3.71246
3.7173
3.72214
3.727
3.73186
3.73672
3.74159
3.74647
3.75136
3.75625
3.76114
3.76605
3.77096
3.77587
3.7808
3.78573
3.79066
3.7956
3.80055
3.80551
3.81047
3.81544
3.82041
3.82539
3.83038
3.83537
3.84037
3.84538
3.8504
3.85542
3.86044
3.86547
3.87051
3.87556
3.88061
3.88567
3.89074
3.89581
3.90089
3.90598
3.91107
3.91617
3.92127
3.92639
3.93151
3.93663
3.94176
3.9469
3.95205
3.9572
3.96236
3.96753
3.9727
3.97788
3.98307
3.98826
3.99346
3.99867
4.00388
4.0091
4.01433
4.01956
4.0248
4.03005
4.0353
4.04056
4.04583
4.05111
4.05639
4.06168
4.06697
4.07227
4.07758
4.0829
4.08822
4.09355
4.09889
4.10423
4.10959
4.11494
4.12031
4.12568
4.13106
4.13645
4.14184
4.14724
4.15265
4.15806
4.16348
4.16891
4.17434
4.17979
4.18524
4.19069
4.19616
4.20163
4.20711
4.21259
4.21808
4.22358
4.22909
4.2346
4.24012
4.24565
4.25119
4.25673
4.26228
4.26784
4.2734
4.27897
4.28455
4.29014
4.29573
4.30133
4.30694
4.31256
4.31818
4.32381
4.32945
4.33509
4.34074
4.3464
4.35207
4.35774
4.36342
4.36911
4.37481
4.38051
4.38622
4.39194
4.39767
4.4034
4.40914
4.41489
4.42065
4.42641
4.43218
4.43796
4.44375
4.44954
4.45534
4.46115
4.46697
4.47279
4.47862
4.48446
4.49031
4.49616
4.50202
4.50789
4.51377
4.51966
4.52555
4.53145
4.53736
4.54327
4.5492
4.55513
4.56107
4.56701
4.57297
4.57893
4.5849
4.59088
4.59686
4.60286
4.60886
4.61487
4.62088
4.62691
4.63294
4.63898
4.64503
4.65108
4.65715
4.66322
4.6693
4.67539
4.68148
4.68759
4.6937
4.69982
4.70595
4.71208
4.71822
4.72438
4.73054
4.7367
4.74288
4.74906
4.75525
4.76145
4.76766
4.77388
4.7801
4.78633
4.79257
4.79882
4.80508
4.81134
4.81762
4.8239
4.83019
4.83649
4.84279
4.84911
4.85543
4.86176
4.8681
4.87444
4.8808
4.88716
4.89353
4.89991
4.9063
4.9127
4.9191
4.92552
4.93194
4.93837
4.94481
4.95125
4.95771
4.96417
4.97065
4.97713
4.98362
4.99011
4.99662
5.00313
5.00966
5.01619
5.02273
5.02928
5.03583
5.0424
5.04897
5.05556
5.06215
5.06875
5.07536
5.08197
5.0886
5.09523
5.10188
5.10853
5.11519
5.12186
5.12854
5.13522
5.14192
5.14862
5.15533
5.16205
5.16879
5.17552
5.18227
5.18903
5.19579
5.20257
5.20935
5.21614
5.22294
5.22975
5.23657
5.2434
5.25023
5.25708
5.26393
5.2708
5.27767
5.28455
5.29144
5.29834
5.30525
5.31216
5.31909
5.32602
5.33297
5.33992
5.34688
5.35385
5.36083
5.36782
5.37482
5.38183
5.38885
5.39587
5.40291
5.40995
5.41701
5.42407
5.43114
5.43822
5.44531
5.45241
5.45952
5.46664
5.47376
5.4809
5.48805
5.4952
5.50237
5.50954
5.51672
5.52392
5.53112
5.53833
5.54555
5.55278
5.56002
5.56727
5.57453
5.5818
5.58907
5.59636
5.60366
5.61096
5.61828
5.6256
5.63294
5.64028
5.64763
5.655
5.66237
5.66975
5.67715
5.68455
5.69196
5.69938
5.70681
5.71425
5.7217
5.72916
5.73663
5.74411
5.7516
5.7591
5.76661
5.77412
5.78165
5.78919
5.79674
5.8043
5.81186
5.81944
5.82703
5.83463
5.84223
5.84985
5.85748
5.86511
5.87276
5.88042
5.88808
5.89576
5.90345
5.91114
5.91885
5.92657
5.93429
5.94203
5.94978
5.95754
5.9653
5.97308
5.98087
5.98867
5.99647
6.00429
6.01212
6.01996
6.02781
6.03567
6.04354
6.05141
6.0593
6.0672
6.07511
6.08304
6.09097
6.09891
6.10686
6.11482
6.12279
6.13078
6.13877
6.14677
6.15479
6.16281
6.17085
6.17889
6.18695
6.19501
6.20309
6.21118
6.21928
6.22738
6.2355
6.24363
6.25177
6.25993
6.26809
6.27626
6.28444
6.29264
6.30084
6.30905
6.31728
6.32552
6.33376
6.34202
6.35029
6.35857
6.36686
6.37516
6.38347
6.39179
6.40013
6.40847
6.41683
6.42519
6.43357
6.44196
6.45036
6.45877
6.46719
6.47562
6.48406
6.49252
6.50098
6.50946
6.51794
6.52644
6.53495
6.54347
6.552
6.56054
6.5691
6.57766
6.58624
6.59483
6.60342
6.61203
6.62065
6.62929
6.63793
6.64658
6.65525
6.66393
6.67261
6.68131
6.69002
6.69875
6.70748
6.71623
6.72498
6.73375
6.74253
6.75132
6.76012
6.76894
6.77776
6.7866
6.79545
6.80431
6.81318
6.82206
6.83095
6.83986
6.84878
6.85771
6.86665
6.8756
6.88457
6.89354
6.90253
6.91153
6.92054
6.92956
6.9386
6.94764
6.9567
6.96577
6.97485
6.98395
6.99305
7.00217
7.0113
7.02044
7.02959
7.03876
7.04794
7.05712
7.06633
7.07554
7.08476
7.094
7.10325
7.11251
7.12178
7.13107
7.14037
7.14968
7.159
7.16833
7.17768
7.18703
7.1964
7.20579
7.21518
7.22459
7.23401
7.24344
7.25288
7.26234
7.27181
7.28129
7.29078
7.30029
7.30981
7.31934
7.32888
7.33843
7.348
7.35758
7.36717
7.37678
7.3864
7.39603
7.40567
7.41533
7.42499
7.43467
7.44437
7.45407
7.46379
7.47352
7.48327
7.49302
7.50279
7.51257
7.52237
7.53218
7.542
7.55183
7.56168
7.57153
7.58141
7.59129
7.60119
7.6111
7.62102
7.63096
7.64091
7.65087
7.66084
7.67083
7.68083
7.69085
7.70087
7.71091
7.72097
7.73103
7.74111
7.75121
7.76131
7.77143
7.78156
7.79171
7.80187
7.81204
7.82222
7.83242
7.84264
7.85286
7.8631
7.87335
7.88362
7.89389
7.90419
7.91449
7.92481
7.93514
7.94549
7.95585
7.96622
7.97661
7.98701
7.99742
8.00785
8.01829
8.02874
8.03921
8.04969
8.06018
8.07069
8.08122
8.09175
8.1023
8.11286
8.12344
8.13403
8.14464
8.15526
8.16589
8.17654
8.1872
8.19787
8.20856
8.21926
8.22998
8.24071
8.25145
8.26221
8.27298
8.28377
8.29457
8.30538
8.31621
8.32705
8.33791
8.34878
8.35967
8.37056
8.38148
8.39241
8.40335
8.4143
8.42527
8.43626
8.44726
8.45827
8.4693
8.48034
8.4914
8.50247
8.51355
8.52465
8.53577
8.5469
8.55804
8.5692
8.58037
8.59156
8.60276
8.61397
8.6252
8.63645
8.64771
8.65898
8.67027
8.68158
8.6929
8.70423
8.71558
8.72694
8.73832
8.74971
8.76112
8.77254
8.78398
8.79543
8.8069
8.81838
8.82988
8.84139
8.85292
8.86446
8.87602
8.88759
8.89918
8.91078
8.9224
8.93403
8.94568
8.95734
8.96902
8.98071
8.99242
9.00415
9.01589
9.02764
9.03941
9.0512
9.063
9.07481
9.08665
9.09849
9.11036
9.12223
9.13413
9.14604
9.15796
9.1699
9.18186
9.19383
9.20581
9.21782
9.22983
9.24187
9.25392
9.26598
9.27806
9.29016
9.30227
9.3144
9.32654
9.3387
9.35088
9.36307
9.37528
9.3875
9.39974
9.41199
9.42427
9.43655
9.44886
9.46118
9.47351
9.48586
9.49823
9.51061
9.52301
9.53543
9.54786
9.56031
9.57277
9.58525
9.59775
9.61026
9.62279
9.63534
9.6479
9.66048
9.67308
9.68569
9.69832
9.71096
9.72362
9.7363
9.74899
9.7617
9.77443
9.78717
9.79993
9.81271
9.82551
9.83832
9.85114
9.86399
9.87685
9.88972
9.90262
9.91553
9.92846
9.9414
9.95436
9.96734
9.98034
9.99335
10.0064
10.0194
10.0325
10.0456
10.0587
10.0718
10.0849
10.0981
10.1112
10.1244
10.1376
10.1508
10.1641
10.1773
10.1906
10.2039
10.2172
10.2305
10.2438
10.2572
10.2706
10.2839
10.2974
10.3108
10.3242
10.3377
10.3512
10.3647
10.3782
10.3917
10.4052
10.4188
10.4324
10.446
10.4596
10.4733
10.4869
10.5006
10.5143
10.528
10.5417
10.5555
10.5692
10.583
10.5968
10.6106
10.6244
10.6383
10.6522
10.6661
10.68
10.6939
10.7078
10.7218
10.7358
10.7498
10.7638
10.7778
10.7919
10.8059
10.82
10.8341
10.8483
10.8624
10.8766
10.8907
10.9049
10.9192
10.9334
10.9476
10.9619
10.9762
10.9905
11.0049
11.0192
11.0336
11.048
11.0624
11.0768
11.0912
11.1057
11.1202
11.1347
11.1492
11.1637
11.1783
11.1928
11.2074
11.222
11.2367
11.2513
11.266
11.2807
11.2954
11.3101
11.3249
11.3396
11.3544
11.3692
11.384
11.3989
11.4137
11.4286
11.4435
11.4584
11.4734
11.4883
11.5033
11.5183
11.5333
11.5484
11.5634
11.5785
11.5936
11.6087
11.6239
11.639
11.6542
11.6694
11.6846
11.6998
11.7151
11.7304
11.7456
11.761
11.7763
11.7916
11.807
11.8224
11.8378
11.8533
11.8687
11.8842
11.8997
11.9152
11.9307
11.9463
11.9619
11.9775
11.9931
12.0087
12.0244
12.04
12.0557
12.0715
12.0872
12.103
12.1187
12.1345
12.1504
12.1662
12.1821
12.1979
12.2139
12.2298
12.2457
12.2617
12.2777
12.2937
12.3097
12.3258
12.3418
12.3579
12.374
12.3902
12.4063
12.4225
12.4387
12.4549
12.4711
12.4874
12.5037
12.52
12.5363
12.5527
12.569
12.5854
12.6018
12.6182
12.6347
12.6512
12.6677
12.6842
12.7007
12.7173
12.7339
12.7505
12.7671
12.7837
12.8004
12.8171
12.8338
12.8505
12.8673
12.8841
12.9009
12.9177
12.9345
12.9514
12.9683
12.9852
13.0021
13.0191
13.036
13.053
13.07
13.0871
13.1041
13.1212
13.1383
13.1555
13.1726
13.1898
13.207
13.2242
13.2415
13.2587
13.276
13.2933
13.3106
13.328
13.3454
13.3628
13.3802
13.3976
13.4151
13.4326
13.4501
13.4676
13.4852
13.5028
13.5204
13.538
13.5557
13.5733
13.591
13.6088
13.6265
13.6443
13.6621
13.6799
13.6977
13.7156
13.7334
13.7514
13.7693
13.7872
13.8052
13.8232
13.8412
13.8593
13.8773
13.8954
13.9136
13.9317
13.9499
13.968
13.9863
14.0045
14.0228
14.041
14.0593
14.0777
14.096
14.1144
14.1328
14.1512
14.1697
14.1882
14.2067
14.2252
14.2437
14.2623
14.2809
14.2995
14.3182
14.3368
14.3555
14.3742
14.393
14.4117
14.4305
14.4493
14.4682
14.487
14.5059
14.5248
14.5438
14.5627
14.5817
14.6007
14.6198
14.6388
14.6579
14.677
14.6962
14.7153
14.7345
14.7537
14.773
14.7922
14.8115
14.8308
14.8502
14.8695
14.8889
14.9083
14.9277
14.9472
14.9667
14.9862
15.0057
15.0253
15.0449
15.0645
15.0842
15.1038
15.1235
15.1432
15.163
15.1827
15.2025
15.2224
15.2422
15.2621
15.282
15.3019
15.3219
15.3418
15.3618
15.3819
15.4019
15.422
15.4421
15.4622
15.4824
15.5026
15.5228
15.543
15.5633
15.5836
15.6039
15.6243
15.6446
15.665
15.6854
15.7059
15.7264
15.7469
15.7674
15.788
15.8085
15.8292
15.8498
15.8705
15.8911
15.9119
15.9326
15.9534
15.9742
15.995
16.0159
16.0367
16.0577
16.0786
16.0996
16.1205
16.1416
16.1626
16.1837
16.2048
16.2259
16.2471
16.2682
16.2895
16.3107
16.332
16.3533
16.3746
16.3959
16.4173
16.4387
16.4601
16.4816
16.5031
16.5246
16.5461
16.5677
16.5893
16.6109
16.6326
16.6543
16.676
16.6977
16.7195
16.7413
16.7631
16.785
16.8069
16.8288
16.8507
16.8727
16.8947
16.9167
16.9388
16.9609
16.983
17.0051
17.0273
17.0495
17.0717
17.094
17.1163
17.1386
17.1609
17.1833
17.2057
17.2281
17.2506
17.2731
17.2956
17.3182
17.3407
17.3633
17.386
17.4087
17.4313
17.4541
17.4768
17.4996
17.5224
17.5453
17.5682
17.5911
17.614
17.637
17.66
17.683
17.706
17.7291
17.7522
17.7754
17.7986
17.8218
17.845
17.8683
17.8916
17.9149
17.9382
17.9616
17.985
18.0085
18.032
18.0555
18.079
18.1026
18.1262
18.1498
18.1735
18.1972
18.2209
18.2447
18.2685
18.2923
18.3161
18.34
18.3639
18.3879
18.4118
18.4358
18.4599
18.4839
18.508
18.5322
18.5563
18.5805
18.6047
18.629
18.6533
18.6776
18.702
18.7263
18.7508
18.7752
18.7997
18.8242
18.8487
18.8733
18.8979
18.9226
18.9472
18.9719
18.9967
19.0214
19.0462
19.0711
19.0959
19.1208
19.1458
19.1707
19.1957
19.2207
19.2458
19.2709
19.296
19.3212
19.3464
19.3716
19.3968
19.4221
19.4475
19.4728
19.4982
19.5236
19.5491
19.5746
19.6001
19.6256
19.6512
19.6768
19.7025
19.7282
19.7539
19.7797
19.8055
19.8313
19.8571
19.883
19.9089
19.9349
19.9609
19.9869
20.013
20.0391
20.0652
20.0914
20.1175
20.1438
20.17
20.1963
20.2227
20.249
20.2754
20.3019
20.3283
20.3548
20.3814
20.408
20.4346
20.4612
20.4879
20.5146
20.5413
20.5681
20.5949
20.6218
20.6487
20.6756
20.7025
20.7295
20.7566
20.7836
20.8107
20.8379
20.865
20.8922
20.9195
20.9467
20.9741
21.0014
21.0288
21.0562
21.0836
21.1111
21.1387
21.1662
21.1938
21.2215
21.2491
21.2768
21.3046
21.3323
21.3602
21.388
21.4159
21.4438
21.4718
21.4998
21.5278
21.5559
21.584
21.6121
21.6403
21.6685
21.6967
21.725
21.7534
21.7817
21.8101
21.8386
21.867
21.8955
21.9241
21.9527
21.9813
22.0099
22.0386
22.0674
22.0961
22.125
22.1538
22.1827
22.2116
22.2406
22.2696
22.2986
22.3277
22.3568
22.3859
22.4151
22.4443
22.4736
22.5029
22.5322
22.5616
22.591
22.6205
22.65
22.6795
22.7091
22.7387
22.7683
22.798
22.8277
22.8575
22.8873
22.9171
22.947
22.9769
23.0069
23.0369
23.0669
23.097
23.1271
23.1573
23.1875
23.2177
23.248
23.2783
23.3086
23.339
23.3694
23.3999
23.4304
23.461
23.4916
23.5222
23.5528
23.5836
23.6143
23.6451
23.6759
23.7068
23.7377
23.7686
23.7996
23.8307
23.8617
23.8928
23.924
23.9552
23.9864
24.0177
24.049
24.0804
24.1118
24.1432
24.1747
24.2062
24.2377
24.2693
24.301
24.3327
24.3644
24.3962
24.428
24.4598
24.4917
24.5236
24.5556
24.5876
24.6197
24.6518
24.6839
24.7161
24.7483
24.7806
24.8129
24.8453
24.8776
24.9101
24.9426
24.9751
25.0076
25.0402
25.0729
25.1056
25.1383
25.1711
25.2039
25.2368
25.2697
25.3026
25.3356
25.3686
25.4017
25.4348
25.468
25.5012
25.5344
25.5677
25.6011
25.6345
25.6679
25.7013
25.7348
25.7684
25.802
25.8356
25.8693
25.903
25.9368
25.9706
26.0045
26.0384
26.0723
26.1063
26.1404
26.1745
26.2086
26.2428
26.277
26.3112
26.3455
26.3799
26.4143
26.4487
26.4832
26.5177
26.5523
26.5869
26.6216
26.6563
26.691
26.7258
26.7607
26.7956
26.8305
26.8655
26.9005
26.9356
26.9707
27.0059
27.0411
27.0763
27.1116
27.147
27.1824
27.2178
27.2533
27.2888
27.3244
27.36
27.3957
27.4314
27.4672
27.503
27.5389
27.5748
27.6107
27.6467
27.6828
27.7189
27.755
27.7912
27.8274
27.8637
27.9
27.9364
27.9728
28.0093
28.0458
28.0824
28.119
28.1556
28.1924
28.2291
28.2659
28.3028
28.3397
28.3766
28.4136
28.4507
28.4878
28.5249
28.5621
28.5993
28.6366
28.6739
28.7113
28.7488
28.7862
28.8238
28.8614
28.899
28.9367
28.9744
29.0122
29.05
29.0879
29.1258
29.1638
29.2018
29.2399
29.278
29.3162
29.3544
29.3927
29.431
29.4693
29.5078
29.5462
29.5848
29.6233
29.662
29.7006
29.7393
29.7781
29.8169
29.8558
29.8947
29.9337
29.9727
30.0118
30.051
30.0901
30.1294
30.1686
30.208
30.2474
30.2868
30.3263
30.3658
30.4054
30.4451
30.4848
30.5245
30.5643
30.6041
30.644
30.684
30.724
30.7641
30.8042
30.8443
30.8845
30.9248
30.9651
31.0055
31.0459
31.0864
31.1269
31.1675
31.2082
31.2488
31.2896
31.3304
31.3712
31.4121
31.4531
31.4941
31.5352
31.5763
31.6174
31.6587
31.6999
31.7413
31.7826
31.8241
31.8656
31.9071
31.9487
31.9904
32.0321
32.0738
32.1157
32.1575
32.1995
32.2414
32.2835
32.3256
32.3677
32.4099
32.4522
32.4945
32.5368
32.5793
32.6217
32.6643
32.7069
32.7495
32.7922
32.835
32.8778
32.9206
32.9636
33.0065
33.0496
33.0926
33.1358
33.179
33.2223
33.2656
33.3089
33.3524
33.3959
33.4394
33.483
33.5266
33.5704
33.6141
33.6579
33.7018
33.7458
33.7898
33.8338
33.8779
33.9221
33.9663
34.0106
34.055
34.0994
34.1438
34.1883
34.2329
34.2775
34.3222
34.367
34.4118
34.4566
34.5016
34.5466
34.5916
34.6367
34.6819
34.7271
34.7723
34.8177
34.8631
34.9085
34.954
34.9996
35.0452
35.0909
35.1367
35.1825
35.2284
35.2743
35.3203
35.3663
35.4125
35.4586
35.5049
35.5511
35.5975
35.6439
35.6904
35.7369
35.7835
35.8302
35.8769
35.9236
35.9705
36.0174
36.0643
36.1114
36.1584
36.2056
36.2528
36.3001
36.3474
36.3948
36.4422
36.4897
36.5373
36.5849
36.6326
36.6804
36.7282
36.7761
36.8241
36.8721
36.9201
36.9683
37.0165
37.0647
37.1131
37.1614
37.2099
37.2584
37.307
37.3556
37.4043
37.4531
37.5019
37.5508
37.5998
37.6488
37.6979
37.747
37.7963
37.8455
37.8949
37.9443
37.9937
38.0433
38.0929
38.1425
38.1923
38.2421
38.2919
38.3419
38.3918
38.4419
38.492
38.5422
38.5925
38.6428
38.6932
38.7436
38.7941
38.8447
38.8953
38.946
38.9968
39.0477
39.0986
39.1496
39.2006
39.2517
39.3029
39.3541
39.4054
39.4568
39.5082
39.5598
39.6113
39.663
39.7147
39.7665
39.8183
39.8702
39.9222
39.9743
40.0264
40.0786
40.1308
40.1831
40.2355
40.288
40.3405
40.3931
40.4458
40.4985
40.5513
40.6042
40.6571
40.7101
40.7632
40.8163
40.8696
40.9228
40.9762
41.0296
41.0831
41.1367
41.1903
41.244
41.2978
41.3516
41.4056
41.4595
41.5136
41.5677
41.6219
41.6762
41.7305
41.7849
41.8394
41.8939
41.9486
42.0033
42.058
42.1129
42.1678
42.2227
42.2778
42.3329
42.3881
42.4434
42.4987
42.5541
42.6096
42.6651
42.7208
42.7765
42.8322
42.8881
42.944
43
43.0561
43.1122
43.1684
43.2247
43.281
43.3375
43.394
43.4505
43.5072
43.5639
43.6207
43.6776
43.7345
43.7916
43.8486
43.9058
43.9631
44.0204
44.0778
44.1352
44.1928
44.2504
44.3081
44.3659
44.4237
44.4816
44.5396
44.5977
44.6558
44.714
44.7723
44.8307
44.8892
44.9477
45.0063
45.065
45.1237
45.1826
45.2415
45.3005
45.3595
45.4187
45.4779
45.5372
45.5965
45.656
45.7155
45.7751
45.8348
45.8945
45.9544
46.0143
46.0743
46.1344
46.1945
46.2547
46.315
46.3754
46.4359
46.4964
46.5571
46.6178
46.6785
46.7394
46.8003
46.8613
46.9224
46.9836
47.0449
47.1062
47.1676
47.2291
47.2907
47.3524
47.4141
47.4759
47.5378
47.5998
47.6618
47.724
47.7862
47.8485
47.9109
47.9734
48.0359
48.0985
48.1612
48.224
48.2869
48.3499
48.4129
48.476
48.5392
48.6025
48.6659
48.7293
48.7929
48.8565
48.9202
48.984
49.0478
49.1118
49.1758
49.2399
49.3041
49.3684
49.4328
49.4972
49.5617
49.6264
49.6911
49.7558
49.8207
49.8857
49.9507
50.0158
50.081
50.1463
50.2117
50.2772
50.3427
50.4084
50.4741
50.5399
50.6058
50.6718
50.7378
50.804
50.8702
50.9365
51.003
51.0695
51.136
51.2027
51.2695
51.3363
51.4032
51.4703
51.5374
51.6046
51.6718
51.7392
51.8067
51.8742
51.9418
52.0096
52.0774
52.1453
52.2132
52.2813
52.3495
52.4177
52.4861
52.5545
52.623
52.6916
52.7603
52.8291
52.898
52.967
53.036
53.1052
53.1744
53.2437
53.3132
53.3827
53.4523
53.522
53.5917
53.6616
53.7316
53.8016
53.8718
53.942
54.0123
54.0828
54.1533
54.2239
54.2946
54.3654
54.4362
54.5072
54.5783
54.6494
54.7207
54.792
54.8635
54.935
55.0066
55.0783
55.1501
55.222
55.294
55.3661
55.4383
55.5106
55.583
55.6554
55.728
55.8007
55.8734
55.9463
56.0192
56.0922
56.1654
56.2386
56.3119
56.3853
56.4588
56.5325
56.6062
56.68
56.7539
56.8279
56.9019
56.9761
57.0504
57.1248
57.1993
57.2739
57.3485
57.4233
57.4982
57.5731
57.6482
57.7234
57.7986
57.874
57.9494
58.025
58.1006
58.1764
58.2522
58.3282
58.4042
58.4804
58.5566
58.633
58.7094
58.7859
58.8626
58.9393
59.0162
59.0931
59.1702
59.2473
59.3246
59.4019
59.4793
59.5569
59.6345
59.7123
59.7901
59.8681
59.9462
60.0243
60.1026
60.1809
60.2594
60.338
60.4166
60.4954
60.5743
60.6532
60.7323
60.8115
60.8908
60.9702
61.0497
61.1293
61.209
61.2888
61.3687
61.4487
61.5288
61.609
61.6893
61.7698
61.8503
61.9309
62.0117
62.0925
62.1735
62.2546
62.3357
62.417
62.4984
62.5799
62.6614
62.7431
62.8249
62.9069
62.9889
63.071
63.1532
63.2356
63.318
63.4006
63.4832
63.566
63.6489
63.7318
63.8149
63.8981
63.9814
64.0649
64.1484
64.232
64.3158
64.3996
64.4836
64.5677
64.6518
64.7361
64.8205
64.905
64.9897
65.0744
65.1592
65.2442
65.3293
65.4144
65.4997
65.5851
65.6706
65.7562
65.842
65.9278
66.0138
66.0998
66.186
66.2723
66.3587
66.4452
66.5319
66.6186
66.7055
66.7924
66.8795
66.9667
67.054
67.1414
67.229
67.3166
67.4044
67.4923
67.5803
67.6684
67.7566
67.8449
67.9334
68.022
68.1107
68.1995
68.2884
68.3774
68.4666
68.5558
68.6452
68.7347
68.8243
68.9141
69.0039
69.0939
69.1839
69.2741
69.3645
69.4549
69.5455
69.6361
69.7269
69.8178
69.9089
70
