#k in inverse Angstrom
0.00973277
0.00974333
0.0097539
0.00976448
0.00977507
0.00978567
0.00979629
0.00980692
0.00981755
0.0098282
0.00983887
0.00984954
0.00986022
0.00987092
0.00988163
0.00989235
0.00990308
0.00991382
0.00992458
0.00993534
0.00994612
0.00995691
0.00996771
0.00997852
0.00998935
0.0100002
0.010011
0.0100219
0.0100328
0.0100436
0.0100545
0.0100655
0.0100764
0.0100873
0.0100982
0.0101092
0.0101202
0.0101311
0.0101421
0.0101531
0.0101641
0.0101752
0.0101862
0.0101973
0.0102083
0.0102194
0.0102305
0.0102416
0.0102527
0.0102638
0.0102749
0.0102861
0.0102973
0.0103084
0.0103196
0.0103308
0.010342
0.0103532
0.0103645
0.0103757
0.010387
0.0103982
0.0104095
0.0104208
0.0104321
0.0104434
0.0104547
0.0104661
0.0104774
0.0104888
0.0105002
0.0105116
0.010523
0.0105344
0.0105458
0.0105573
0.0105687
0.0105802
0.0105917
0.0106031
0.0106146
0.0106262
0.0106377
0.0106492
0.0106608
0.0106723
0.0106839
0.0106955
0.0107071
0.0107187
0.0107304
0.010742
0.0107537
0.0107653
0.010777
0.0107887
0.0108004
0.0108121
0.0108238
0.0108356
0.0108473
0.0108591
0.0108709
0.0108827
0.0108945
0.0109063
0.0109181
0.01093
0.0109418
0.0109537
0.0109656
0.0109775
0.0109894
0.0110013
0.0110132
0.0110252
0.0110371
0.0110491
0.0110611
0.0110731
0.0110851
0.0110971
0.0111092
0.0111212
0.0111333
0.0111454
0.0111575
0.0111696
0.0111817
0.0111938
0.011206
0.0112181
0.0112303
0.0112425
0.0112547
0.0112669
0.0112791
0.0112913
0.0113036
0.0113158
0.0113281
0.0113404
0.0113527
0.011365
0.0113773
0.0113897
0.011402
0.0114144
0.0114268
0.0114392
0.0114516
0.011464
0.0114765
0.0114889
0.0115014
0.0115139
0.0115263
0.0115388
0.0115514
0.0115639
0.0115764
0.011589
0.0116016
0.0116142
0.0116268
0.0116394
0.011652
0.0116646
0.0116773
0.01169
0.0117026
0.0117153
0.011728
0.0117408
0.0117535
0.0117662
0.011779
0.0117918
0.0118046
0.0118174
0.0118302
0.011843
0.0118559
0.0118687
0.0118816
0.0118945
0.0119074
0.0119203
0.0119333
0.0119462
0.0119592
0.0119721
0.0119851
0.0119981
0.0120111
0.0120242
0.0120372
0.0120503
0.0120633
0.0120764
0.0120895
0.0121026
0.0121158
0.0121289
0.0121421
0.0121552
0.0121684
0.0121816
0.0121949
0.0122081
0.0122213
0.0122346
0.0122479
0.0122611
0.0122744
0.0122878
0.0123011
0.0123144
0.0123278
0.0123412
0.0123545
0.012368
0.0123814
0.0123948
0.0124082
0.0124217
0.0124352
0.0124487
0.0124622
0.0124757
0.0124892
0.0125028
0.0125163
0.0125299
0.0125435
0.0125571
0.0125707
0.0125844
0.012598
0.0126117
0.0126254
0.0126391
0.0126528
0.0126665
0.0126802
0.012694
0.0127078
0.0127216
0.0127354
0.0127492
0.012763
0.0127768
0.0127907
0.0128046
0.0128185
0.0128324
0.0128463
0.0128602
0.0128742
0.0128882
0.0129021
0.0129161
0.0129301
0.0129442
0.0129582
0.0129723
0.0129863
0.0130004
0.0130145
0.0130286
0.0130428
0.0130569
0.0130711
0.0130853
0.0130995
0.0131137
0.0131279
0.0131421
0.0131564
0.0131707
0.013185
0.0131993
0.0132136
0.0132279
0.0132423
0.0132566
0.013271
0.0132854
0.0132998
0.0133142
0.0133287
0.0133431
0.0133576
0.0133721
0.0133866
0.0134011
0.0134157
0.0134302
0.0134448
0.0134594
0.013474
0.0134886
0.0135032
0.0135179
0.0135325
0.0135472
0.0135619
0.0135766
0.0135914
0.0136061
0.0136209
0.0136356
0.0136504
0.0136652
0.0136801
0.0136949
0.0137098
0.0137246
0.0137395
0.0137544
0.0137694
0.0137843
0.0137992
0.0138142
0.0138292
0.0138442
0.0138592
0.0138743
0.0138893
0.0139044
0.0139195
0.0139346
0.0139497
0.0139648
0.0139799
0.0139951
0.0140103
0.0140255
0.0140407
0.0140559
0.0140712
0.0140865
0.0141017
0.014117
0.0141323
0.0141477
0.014163
0.0141784
0.0141938
0.0142092
0.0142246
0.01424
0.0142555
0.0142709
0.0142864
0.0143019
0.0143174
0.0143329
0.0143485
0.0143641
0.0143796
0.0143952
0.0144109
0.0144265
0.0144421
0.0144578
0.0144735
0.0144892
0.0145049
0.0145206
0.0145364
0.0145522
0.014568
0.0145838
0.0145996
0.0146154
0.0146313
0.0146471
0.014663
0.0146789
0.0146949
0.0147108
0.0147268
0.0147427
0.0147587
0.0147747
0.0147908
0.0148068
0.0148229
0.014839
0.014855
0.0148712
0.0148873
0.0149034
0.0149196
0.0149358
0.014952
0.0149682
0.0149845
0.0150007
0.015017
0.0150333
0.0150496
0.0150659
0.0150823
0.0150986
0.015115
0.0151314
0.0151478
0.0151642
0.0151807
0.0151972
0.0152136
0.0152301
0.0152467
0.0152632
0.0152798
0.0152963
0.0153129
0.0153295
0.0153462
0.0153628
0.0153795
0.0153962
0.0154129
0.0154296
0.0154463
0.0154631
0.0154799
0.0154967
0.0155135
0.0155303
0.0155471
0.015564
0.0155809
0.0155978
0.0156147
0.0156316
0.0156486
0.0156656
0.0156826
0.0156996
0.0157166
0.0157337
0.0157507
0.0157678
0.0157849
0.015802
0.0158192
0.0158364
0.0158535
0.0158707
0.0158879
0.0159052
0.0159224
0.0159397
0.015957
0.0159743
0.0159916
0.016009
0.0160264
0.0160437
0.0160611
0.0160786
0.016096
0.0161135
0.0161309
0.0161484
0.016166
0.0161835
0.0162011
0.0162186
0.0162362
0.0162538
0.0162715
0.0162891
0.0163068
0.0163245
0.0163422
0.0163599
0.0163777
0.0163954
0.0164132
0.016431
0.0164488
0.0164667
0.0164846
0.0165024
0.0165203
0.0165383
0.0165562
0.0165742
0.0165921
0.0166101
0.0166282
0.0166462
0.0166643
0.0166823
0.0167004
0.0167185
0.0167367
0.0167548
0.016773
0.0167912
0.0168094
0.0168277
0.0168459
0.0168642
0.0168825
0.0169008
0.0169191
0.0169375
0.0169559
0.0169742
0.0169927
0.0170111
0.0170295
0.017048
0.0170665
0.017085
0.0171036
0.0171221
0.0171407
0.0171593
0.0171779
0.0171965
0.0172152
0.0172339
0.0172526
0.0172713
0.01729
0.0173088
0.0173275
0.0173463
0.0173652
0.017384
0.0174029
0.0174217
0.0174406
0.0174596
0.0174785
0.0174975
0.0175164
0.0175354
0.0175545
0.0175735
0.0175926
0.0176116
0.0176308
0.0176499
0.017669
0.0176882
0.0177074
0.0177266
0.0177458
0.0177651
0.0177843
0.0178036
0.0178229
0.0178423
0.0178616
0.017881
0.0179004
0.0179198
0.0179393
0.0179587
0.0179782
0.0179977
0.0180172
0.0180368
0.0180563
0.0180759
0.0180955
0.0181152
0.0181348
0.0181545
0.0181742
0.0181939
0.0182136
0.0182334
0.0182532
0.018273
0.0182928
0.0183126
0.0183325
0.0183524
0.0183723
0.0183922
0.0184122
0.0184322
0.0184522
0.0184722
0.0184922
0.0185123
0.0185324
0.0185525
0.0185726
0.0185927
0.0186129
0.0186331
0.0186533
0.0186735
0.0186938
0.0187141
0.0187344
0.0187547
0.018775
0.0187954
0.0188158
0.0188362
0.0188566
0.0188771
0.0188976
0.0189181
0.0189386
0.0189592
0.0189797
0.0190003
0.0190209
0.0190416
0.0190622
0.0190829
0.0191036
0.0191243
0.0191451
0.0191658
0.0191866
0.0192074
0.0192283
0.0192491
0.01927
0.0192909
0.0193118
0.0193328
0.0193538
0.0193748
0.0193958
0.0194168
0.0194379
0.019459
0.0194801
0.0195012
0.0195224
0.0195435
0.0195647
0.019586
0.0196072
0.0196285
0.0196498
0.0196711
0.0196924
0.0197138
0.0197352
0.0197566
0.019778
0.0197995
0.0198209
0.0198424
0.019864
0.0198855
0.0199071
0.0199287
0.0199503
0.0199719
0.0199936
0.0200153
0.020037
0.0200588
0.0200805
0.0201023
0.0201241
0.0201459
0.0201678
0.0201897
0.0202116
0.0202335
0.0202554
0.0202774
0.0202994
0.0203214
0.0203435
0.0203655
0.0203876
0.0204098
0.0204319
0.0204541
0.0204762
0.0204985
0.0205207
0.020543
0.0205652
0.0205875
0.0206099
0.0206322
0.0206546
0.020677
0.0206995
0.0207219
0.0207444
0.0207669
0.0207894
0.020812
0.0208346
0.0208572
0.0208798
0.0209024
0.0209251
0.0209478
0.0209705
0.0209933
0.0210161
0.0210388
0.0210617
0.0210845
0.0211074
0.0211303
0.0211532
0.0211762
0.0211991
0.0212221
0.0212451
0.0212682
0.0212913
0.0213144
0.0213375
0.0213606
0.0213838
0.021407
0.0214302
0.0214535
0.0214767
0.0215
0.0215234
0.0215467
0.0215701
0.0215935
0.0216169
0.0216404
0.0216638
0.0216873
0.0217109
0.0217344
0.021758
0.0217816
0.0218052
0.0218289
0.0218526
0.0218763
0.0219
0.0219238
0.0219475
0.0219713
0.0219952
0.022019
0.0220429
0.0220668
0.0220908
0.0221147
0.0221387
0.0221627
0.0221868
0.0222109
0.0222349
0.0222591
0.0222832
0.0223074
0.0223316
0.0223558
0.0223801
0.0224043
0.0224286
0.022453
0.0224773
0.0225017
0.0225261
0.0225506
0.022575
0.0225995
0.022624
0.0226486
0.0226731
0.0226977
0.0227224
0.022747
0.0227717
0.0227964
0.0228211
0.0228459
0.0228707
0.0228955
0.0229203
0.0229452
0.0229701
0.022995
0.0230199
0.0230449
0.0230699
0.0230949
0.02312
0.0231451
0.0231702
0.0231953
0.0232205
0.0232456
0.0232709
0.0232961
0.0233214
0.0233467
0.023372
0.0233974
0.0234227
0.0234481
0.0234736
0.023499
0.0235245
0.0235501
0.0235756
0.0236012
0.0236268
0.0236524
0.0236781
0.0237038
0.0237295
0.0237552
0.023781
0.0238068
0.0238326
0.0238585
0.0238843
0.0239103
0.0239362
0.0239622
0.0239881
0.0240142
0.0240402
0.0240663
0.0240924
0.0241185
0.0241447
0.0241709
0.0241971
0.0242234
0.0242496
0.024276
0.0243023
0.0243286
0.024355
0.0243815
0.0244079
0.0244344
0.0244609
0.0244874
0.024514
0.0245406
0.0245672
0.0245939
0.0246205
0.0246472
0.024674
0.0247007
0.0247275
0.0247544
0.0247812
0.0248081
0.024835
0.024862
0.0248889
0.0249159
0.024943
0.02497
0.0249971
0.0250242
0.0250514
0.0250785
0.0251057
0.025133
0.0251602
0.0251875
0.0252149
0.0252422
0.0252696
0.025297
0.0253245
0.0253519
0.0253794
0.025407
0.0254345
0.0254621
0.0254897
0.0255174
0.0255451
0.0255728
0.0256005
0.0256283
0.0256561
0.0256839
0.0257118
0.0257397
0.0257676
0.0257955
0.0258235
0.0258515
0.0258796
0.0259077
0.0259358
0.0259639
0.0259921
0.0260203
0.0260485
0.0260767
0.026105
0.0261334
0.0261617
0.0261901
0.0262185
0.0262469
0.0262754
0.0263039
0.0263324
0.026361
0.0263896
0.0264182
0.0264469
0.0264756
0.0265043
0.0265331
0.0265618
0.0265907
0.0266195
0.0266484
0.0266773
0.0267062
0.0267352
0.0267642
0.0267932
0.0268223
0.0268514
0.0268805
0.0269097
0.0269389
0.0269681
0.0269973
0.0270266
0.027056
0.0270853
0.0271147
0.0271441
0.0271735
0.027203
0.0272325
0.0272621
0.0272916
0.0273213
0.0273509
0.0273806
0.0274103
0.02744
0.0274698
0.0274996
0.0275294
0.0275593
0.0275892
0.0276191
0.027649
0.027679
0.0277091
0.0277391
0.0277692
0.0277993
0.0278295
0.0278597
0.0278899
0.0279202
0.0279505
0.0279808
0.0280111
0.0280415
0.0280719
0.0281024
0.0281329
0.0281634
0.0281939
0.0282245
0.0282551
0.0282858
0.0283165
0.0283472
0.0283779
0.0284087
0.0284395
0.0284704
0.0285013
0.0285322
0.0285632
0.0285941
0.0286252
0.0286562
0.0286873
0.0287184
0.0287496
0.0287808
0.028812
0.0288432
0.0288745
0.0289058
0.0289372
0.0289686
0.029
0.0290315
0.029063
0.0290945
0.0291261
0.0291577
0.0291893
0.0292209
0.0292526
0.0292844
0.0293161
0.029348
0.0293798
0.0294117
0.0294436
0.0294755
0.0295075
0.0295395
0.0295715
0.0296036
0.0296357
0.0296679
0.0297001
0.0297323
0.0297645
0.0297968
0.0298291
0.0298615
0.0298939
0.0299263
0.0299588
0.0299913
0.0300238
0.0300564
0.030089
0.0301216
0.0301543
0.030187
0.0302198
0.0302526
0.0302854
0.0303182
0.0303511
0.030384
0.030417
0.03045
0.030483
0.0305161
0.0305492
0.0305823
0.0306155
0.0306487
0.030682
0.0307153
0.0307486
0.0307819
0.0308153
0.0308488
0.0308822
0.0309157
0.0309493
0.0309828
0.0310164
0.0310501
0.0310838
0.0311175
0.0311512
0.031185
0.0312189
0.0312527
0.0312866
0.0313206
0.0313546
0.0313886
0.0314226
0.0314567
0.0314908
0.031525
0.0315592
0.0315934
0.0316277
0.031662
0.0316963
0.0317307
0.0317652
0.0317996
0.0318341
0.0318686
0.0319032
0.0319378
0.0319725
0.0320072
0.0320419
0.0320766
0.0321114
0.0321463
0.0321811
0.032216
0.032251
0.032286
0.032321
0.0323561
0.0323912
0.0324263
0.0324615
0.0324967
0.0325319
0.0325672
0.0326026
0.0326379
0.0326733
0.0327088
0.0327443
0.0327798
0.0328153
0.0328509
0.0328866
0.0329223
0.032958
0.0329937
0.0330295
0.0330653
0.0331012
0.0331371
0.0331731
0.0332091
0.0332451
0.0332811
0.0333172
0.0333534
0.0333896
0.0334258
0.033462
0.0334983
0.0335347
0.0335711
0.0336075
0.0336439
0.0336804
0.033717
0.0337536
0.0337902
0.0338268
0.0338635
0.0339003
0.033937
0.0339738
0.0340107
0.0340476
0.0340845
0.0341215
0.0341585
0.0341956
0.0342327
0.0342698
0.034307
0.0343442
0.0343814
0.0344187
0.0344561
0.0344935
0.0345309
0.0345683
0.0346058
0.0346434
0.034681
0.0347186
0.0347562
0.0347939
0.0348317
0.0348695
0.0349073
0.0349452
0.0349831
0.035021
0.035059
0.0350971
0.0351351
0.0351732
0.0352114
0.0352496
0.0352878
0.0353261
0.0353644
0.0354028
0.0354412
0.0354796
0.0355181
0.0355567
0.0355952
0.0356339
0.0356725
0.0357112
0.0357499
0.0357887
0.0358275
0.0358664
0.0359053
0.0359443
0.0359833
0.0360223
0.0360614
0.0361005
0.0361397
0.0361789
0.0362181
0.0362574
0.0362967
0.0363361
0.0363755
0.036415
0.0364545
0.036494
0.0365336
0.0365732
0.0366129
0.0366526
0.0366924
0.0367322
0.0367721
0.0368119
0.0368519
0.0368919
0.0369319
0.0369719
0.037012
0.0370522
0.0370924
0.0371326
0.0371729
0.0372132
0.0372536
0.037294
0.0373345
0.037375
0.0374155
0.0374561
0.0374967
0.0375374
0.0375781
0.0376189
0.0376597
0.0377006
0.0377415
0.0377824
0.0378234
0.0378644
0.0379055
0.0379466
0.0379878
0.038029
0.0380702
0.0381115
0.0381529
0.0381943
0.0382357
0.0382772
0.0383187
0.0383603
0.0384019
0.0384435
0.0384852
0.038527
0.0385688
0.0386106
0.0386525
0.0386944
0.0387364
0.0387784
0.0388205
0.0388626
0.0389048
0.038947
0.0389892
0.0390315
0.0390739
0.0391162
0.0391587
0.0392012
0.0392437
0.0392863
0.0393289
0.0393715
0.0394143
0.039457
0.0394998
0.0395427
0.0395856
0.0396285
0.0396715
0.0397145
0.0397576
0.0398007
0.0398439
0.0398871
0.0399304
0.0399737
0.0400171
0.0400605
0.0401039
0.0401475
0.040191
0.0402346
0.0402782
0.0403219
0.0403657
0.0404095
0.0404533
0.0404972
0.0405411
0.0405851
0.0406291
0.0406732
0.0407173
0.0407615
0.0408057
0.04085
0.0408943
0.0409387
0.0409831
0.0410275
0.041072
0.0411166
0.0411612
0.0412058
0.0412505
0.0412953
0.0413401
0.0413849
0.0414298
0.0414748
0.0415198
0.0415648
0.0416099
0.041655
0.0417002
0.0417455
0.0417907
0.0418361
0.0418815
0.0419269
0.0419724
0.0420179
0.0420635
0.0421091
0.0421548
0.0422005
0.0422463
0.0422921
0.042338
0.0423839
0.0424299
0.0424759
0.042522
0.0425681
0.0426143
0.0426606
0.0427068
0.0427532
0.0427995
0.042846
0.0428924
0.042939
0.0429856
0.0430322
0.0430789
0.0431256
0.0431724
0.0432192
0.0432661
0.043313
0.04336
0.0434071
0.0434541
0.0435013
0.0435485
0.0435957
0.043643
0.0436903
0.0437377
0.0437852
0.0438327
0.0438802
0.0439278
0.0439755
0.0440232
0.044071
0.0441188
0.0441666
0.0442145
0.0442625
0.0443105
0.0443586
0.0444067
0.0444549
0.0445031
0.0445514
0.0445997
0.0446481
0.0446965
0.044745
0.0447935
0.0448421
0.0448908
0.0449395
0.0449882
0.045037
0.0450859
0.0451348
0.0451838
0.0452328
0.0452818
0.045331
0.0453801
0.0454294
0.0454786
0.045528
0.0455774
0.0456268
0.0456763
0.0457259
0.0457755
0.0458251
0.0458748
0.0459246
0.0459744
0.0460243
0.0460742
0.0461242
0.0461742
0.0462243
0.0462745
0.0463247
0.0463749
0.0464252
0.0464756
0.046526
0.0465765
0.046627
0.0466776
0.0467282
0.0467789
0.0468297
0.0468805
0.0469313
0.0469822
0.0470332
0.0470842
0.0471353
0.0471864
0.0472376
0.0472888
0.0473401
0.0473915
0.0474429
0.0474944
0.0475459
0.0475975
0.0476491
0.0477008
0.0477525
0.0478043
0.0478562
0.0479081
0.0479601
0.0480121
0.0480642
0.0481163
0.0481685
0.0482208
0.0482731
0.0483255
0.0483779
0.0484304
0.0484829
0.0485355
0.0485882
0.0486409
0.0486936
0.0487464
0.0487993
0.0488523
0.0489053
0.0489583
0.0490114
0.0490646
0.0491178
0.0491711
0.0492244
0.0492778
0.0493313
0.0493848
0.0494384
0.049492
0.0495457
0.0495994
0.0496533
0.0497071
0.049761
0.049815
0.0498691
0.0499232
0.0499773
0.0500315
0.0500858
0.0501401
0.0501945
0.050249
0.0503035
0.0503581
0.0504127
0.0504674
0.0505221
0.0505769
0.0506318
0.0506867
0.0507417
0.0507967
0.0508518
0.050907
0.0509622
0.0510175
0.0510729
0.0511283
0.0511837
0.0512393
0.0512948
0.0513505
0.0514062
0.051462
0.0515178
0.0515737
0.0516296
0.0516856
0.0517417
0.0517978
0.051854
0.0519103
0.0519666
0.0520229
0.0520794
0.0521359
0.0521924
0.052249
0.0523057
0.0523625
0.0524193
0.0524761
0.0525331
0.05259
0.0526471
0.0527042
0.0527614
0.0528186
0.0528759
0.0529333
0.0529907
0.0530482
0.0531057
0.0531633
0.053221
0.0532787
0.0533365
0.0533944
0.0534523
0.0535103
0.0535684
0.0536265
0.0536846
0.0537429
0.0538012
0.0538595
0.053918
0.0539765
0.054035
0.0540936
0.0541523
0.054211
0.0542699
0.0543287
0.0543877
0.0544467
0.0545057
0.0545649
0.054624
0.0546833
0.0547426
0.054802
0.0548615
0.054921
0.0549805
0.0550402
0.0550999
0.0551597
0.0552195
0.0552794
0.0553394
0.0553994
0.0554595
0.0555197
0.0555799
0.0556402
0.0557005
0.055761
0.0558215
0.055882
0.0559426
0.0560033
0.0560641
0.0561249
0.0561858
0.0562467
0.0563077
0.0563688
0.05643
0.0564912
0.0565525
0.0566138
0.0566752
0.0567367
0.0567983
0.0568599
0.0569216
0.0569833
0.0570451
0.057107
0.057169
0.057231
0.0572931
0.0573552
0.0574174
0.0574797
0.0575421
0.0576045
0.057667
0.0577295
0.0577922
0.0578548
0.0579176
0.0579804
0.0580433
0.0581063
0.0581693
0.0582324
0.0582956
0.0583588
0.0584222
0.0584855
0.058549
0.0586125
0.0586761
0.0587397
0.0588034
0.0588672
0.0589311
0.058995
0.059059
0.0591231
0.0591872
0.0592514
0.0593157
0.05938
0.0594445
0.0595089
0.0595735
0.0596381
0.0597028
0.0597676
0.0598324
0.0598973
0.0599623
0.0600274
0.0600925
0.0601577
0.0602229
0.0602882
0.0603536
0.0604191
0.0604847
0.0605503
0.060616
0.0606817
0.0607475
0.0608134
0.0608794
0.0609455
0.0610116
0.0610778
0.061144
0.0612103
0.0612767
0.0613432
0.0614098
0.0614764
0.0615431
0.0616098
0.0616767
0.0617436
0.0618105
0.0618776
0.0619447
0.0620119
0.0620792
0.0621465
0.0622139
0.0622814
0.062349
0.0624166
0.0624843
0.0625521
0.06262
0.0626879
0.0627559
0.062824
0.0628921
0.0629604
0.0630287
0.063097
0.0631655
0.063234
0.0633026
0.0633713
0.06344
0.0635088
0.0635777
0.0636467
0.0637158
0.0637849
0.0638541
0.0639233
0.0639927
0.0640621
0.0641316
0.0642012
0.0642708
0.0643405
0.0644103
0.0644802
0.0645501
0.0646202
0.0646903
0.0647604
0.0648307
0.064901
0.0649714
0.0650419
0.0651125
0.0651831
0.0652538
0.0653246
0.0653955
0.0654664
0.0655374
0.0656085
0.0656797
0.0657509
0.0658223
0.0658937
0.0659651
0.0660367
0.0661083
0.0661801
0.0662518
0.0663237
0.0663957
0.0664677
0.0665398
0.066612
0.0666842
0.0667566
0.066829
0.0669015
0.0669741
0.0670467
0.0671194
0.0671923
0.0672651
0.0673381
0.0674112
0.0674843
0.0675575
0.0676308
0.0677042
0.0677776
0.0678511
0.0679247
0.0679984
0.0680722
0.068146
0.0682199
0.0682939
0.068368
0.0684422
0.0685164
0.0685908
0.0686652
0.0687397
0.0688142
0.0688889
0.0689636
0.0690384
0.0691133
0.0691883
0.0692633
0.0693385
0.0694137
0.069489
0.0695644
0.0696398
0.0697154
0.069791
0.0698667
0.0699425
0.0700184
0.0700943
0.0701704
0.0702465
0.0703227
0.070399
0.0704754
0.0705518
0.0706284
0.070705
0.0707817
0.0708585
0.0709353
0.0710123
0.0710893
0.0711664
0.0712436
0.0713209
0.0713983
0.0714757
0.0715533
0.0716309
0.0717086
0.0717864
0.0718643
0.0719422
0.0720203
0.0720984
0.0721766
0.0722549
0.0723333
0.0724117
0.0724903
0.0725689
0.0726477
0.0727265
0.0728054
0.0728843
0.0729634
0.0730425
0.0731218
0.0732011
0.0732805
0.07336
0.0734396
0.0735193
0.073599
0.0736788
0.0737588
0.0738388
0.0739189
0.0739991
0.0740793
0.0741597
0.0742402
0.0743207
0.0744013
0.074482
0.0745628
0.0746437
0.0747247
0.0748057
0.0748869
0.0749681
0.0750495
0.0751309
0.0752124
0.075294
0.0753756
0.0754574
0.0755393
0.0756212
0.0757032
0.0757854
0.0758676
0.0759499
0.0760323
0.0761147
0.0761973
0.07628
0.0763627
0.0764456
0.0765285
0.0766115
0.0766946
0.0767778
0.0768611
0.0769445
0.0770279
0.0771115
0.0771952
0.0772789
0.0773627
0.0774467
0.0775307
0.0776148
0.077699
0.0777833
0.0778676
0.0779521
0.0780367
0.0781213
0.0782061
0.0782909
0.0783758
0.0784609
0.078546
0.0786312
0.0787165
0.0788019
0.0788874
0.0789729
0.0790586
0.0791444
0.0792302
0.0793162
0.0794022
0.0794883
0.0795746
0.0796609
0.0797473
0.0798338
0.0799204
0.0800071
0.0800939
0.0801808
0.0802678
0.0803548
0.080442
0.0805293
0.0806166
0.0807041
0.0807916
0.0808793
0.080967
0.0810549
0.0811428
0.0812308
0.0813189
0.0814071
0.0814954
0.0815839
0.0816724
0.081761
0.0818496
0.0819384
0.0820273
0.0821163
0.0822054
0.0822946
0.0823838
0.0824732
0.0825627
0.0826522
0.0827419
0.0828317
0.0829215
0.0830115
0.0831015
0.0831917
0.0832819
0.0833723
0.0834627
0.0835532
0.0836439
0.0837346
0.0838254
0.0839164
0.0840074
0.0840985
0.0841898
0.0842811
0.0843725
0.0844641
0.0845557
0.0846474
0.0847392
0.0848312
0.0849232
0.0850153
0.0851075
0.0851999
0.0852923
0.0853848
0.0854774
0.0855702
0.085663
0.0857559
0.0858489
0.0859421
0.0860353
0.0861286
0.0862221
0.0863156
0.0864092
0.086503
0.0865968
0.0866907
0.0867848
0.0868789
0.0869732
0.0870675
0.087162
0.0872565
0.0873512
0.0874459
0.0875408
0.0876358
0.0877308
0.087826
0.0879213
0.0880166
0.0881121
0.0882077
0.0883034
0.0883992
0.0884951
0.0885911
0.0886872
0.0887834
0.0888797
0.0889761
0.0890726
0.0891693
0.089266
0.0893628
0.0894598
0.0895568
0.089654
0.0897512
0.0898486
0.0899461
0.0900436
0.0901413
0.0902391
0.090337
0.090435
0.0905331
0.0906313
0.0907296
0.090828
0.0909266
0.0910252
0.0911239
0.0912228
0.0913218
0.0914208
0.09152
0.0916193
0.0917187
0.0918182
0.0919178
0.0920175
0.0921173
0.0922172
0.0923173
0.0924174
0.0925177
0.092618
0.0927185
0.0928191
0.0929198
0.0930206
0.0931215
0.0932225
0.0933236
0.0934249
0.0935262
0.0936277
0.0937292
0.0938309
0.0939327
0.0940346
0.0941366
0.0942387
0.0943409
0.0944433
0.0945457
0.0946483
0.094751
0.0948538
0.0949567
0.0950597
0.0951628
0.095266
0.0953694
0.0954728
0.0955764
0.0956801
0.0957839
0.0958878
0.0959918
0.0960959
0.0962002
0.0963045
0.096409
0.0965136
0.0966183
0.0967231
0.096828
0.096933
0.0970382
0.0971435
0.0972488
0.0973543
0.09746
0.0975657
0.0976715
0.0977775
0.0978835
0.0979897
0.098096
0.0982024
0.098309
0.0984156
0.0985224
0.0986292
0.0987362
0.0988433
0.0989506
0.0990579
0.0991654
0.0992729
0.0993806
0.0994884
0.0995964
0.0997044
0.0998126
0.0999208
0.100029
0.100138
0.100246
0.100355
0.100464
0.100573
0.100682
0.100791
0.100901
0.10101
0.10112
0.101229
0.101339
0.101449
0.101559
0.101669
0.10178
0.10189
0.102001
0.102111
0.102222
0.102333
0.102444
0.102555
0.102666
0.102778
0.102889
0.103001
0.103112
0.103224
0.103336
0.103448
0.103561
0.103673
0.103785
0.103898
0.104011
0.104124
0.104237
0.10435
0.104463
0.104576
0.10469
0.104803
0.104917
0.105031
0.105145
0.105259
0.105373
0.105487
0.105602
0.105716
0.105831
0.105946
0.106061
0.106176
0.106291
0.106406
0.106521
0.106637
0.106753
0.106869
0.106984
0.107101
0.107217
0.107333
0.107449
0.107566
0.107683
0.107799
0.107916
0.108034
0.108151
0.108268
0.108385
0.108503
0.108621
0.108739
0.108857
0.108975
0.109093
0.109211
0.10933
0.109448
0.109567
0.109686
0.109805
0.109924
0.110043
0.110163
0.110282
0.110402
0.110521
0.110641
0.110761
0.110882
0.111002
0.111122
0.111243
0.111363
0.111484
0.111605
0.111726
0.111847
0.111969
0.11209
0.112212
0.112334
0.112455
0.112577
0.1127
0.112822
0.112944
0.113067
0.113189
0.113312
0.113435
0.113558
0.113681
0.113805
0.113928
0.114052
0.114175
0.114299
0.114423
0.114547
0.114672
0.114796
0.114921
0.115045
0.11517
0.115295
0.11542
0.115545
0.115671
0.115796
0.115922
0.116047
0.116173
0.116299
0.116426
0.116552
0.116678
0.116805
0.116932
0.117058
0.117185
0.117312
0.11744
0.117567
0.117695
0.117822
0.11795
0.118078
0.118206
0.118334
0.118463
0.118591
0.11872
0.118849
0.118978
0.119107
0.119236
0.119365
0.119495
0.119624
0.119754
0.119884
0.120014
0.120144
0.120275
0.120405
0.120536
0.120667
0.120797
0.120928
0.12106
0.121191
0.121322
0.121454
0.121586
0.121718
0.12185
0.121982
0.122114
0.122247
0.122379
0.122512
0.122645
0.122778
0.122911
0.123045
0.123178
0.123312
0.123445
0.123579
0.123713
0.123848
0.123982
0.124116
0.124251
0.124386
0.124521
0.124656
0.124791
0.124926
0.125062
0.125198
0.125333
0.125469
0.125606
0.125742
0.125878
0.126015
0.126151
0.126288
0.126425
0.126562
0.1267
0.126837
0.126975
0.127113
0.12725
0.127388
0.127527
0.127665
0.127803
0.127942
0.128081
0.12822
0.128359
0.128498
0.128638
0.128777
0.128917
0.129057
0.129197
0.129337
0.129477
0.129618
0.129758
0.129899
0.13004
0.130181
0.130322
0.130464
0.130605
0.130747
0.130889
0.131031
0.131173
0.131315
0.131457
0.1316
0.131743
0.131886
0.132029
0.132172
0.132315
0.132459
0.132603
0.132746
0.13289
0.133035
0.133179
0.133323
0.133468
0.133613
0.133758
0.133903
0.134048
0.134194
0.134339
0.134485
0.134631
0.134777
0.134923
0.135069
0.135216
0.135363
0.135509
0.135656
0.135804
0.135951
0.136098
0.136246
0.136394
0.136542
0.13669
0.136838
0.136987
0.137135
0.137284
0.137433
0.137582
0.137731
0.137881
0.13803
0.13818
0.13833
0.13848
0.13863
0.13878
0.138931
0.139082
0.139233
0.139384
0.139535
0.139686
0.139838
0.139989
0.140141
0.140293
0.140446
0.140598
0.14075
0.140903
0.141056
0.141209
0.141362
0.141516
0.141669
0.141823
0.141977
0.142131
0.142285
0.142439
0.142594
0.142748
0.142903
0.143058
0.143213
0.143369
0.143524
0.14368
0.143836
0.143992
0.144148
0.144304
0.144461
0.144618
0.144775
0.144932
0.145089
0.145246
0.145404
0.145562
0.145719
0.145877
0.146036
0.146194
0.146353
0.146512
0.14667
0.14683
0.146989
0.147148
0.147308
0.147468
0.147628
0.147788
0.147948
0.148109
0.148269
0.14843
0.148591
0.148752
0.148914
0.149075
0.149237
0.149399
0.149561
0.149723
0.149886
0.150048
0.150211
0.150374
0.150537
0.1507
0.150864
0.151027
0.151191
0.151355
0.15152
0.151684
0.151848
0.152013
0.152178
0.152343
0.152508
0.152674
0.152839
0.153005
0.153171
0.153337
0.153504
0.15367
0.153837
0.154004
0.154171
0.154338
0.154506
0.154673
0.154841
0.155009
0.155177
0.155345
0.155514
0.155683
0.155852
0.156021
0.15619
0.156359
0.156529
0.156699
0.156869
0.157039
0.157209
0.15738
0.15755
0.157721
0.157892
0.158064
0.158235
0.158407
0.158579
0.158751
0.158923
0.159095
0.159268
0.159441
0.159614
0.159787
0.15996
0.160134
0.160307
0.160481
0.160655
0.16083
0.161004
0.161179
0.161354
0.161529
0.161704
0.161879
0.162055
0.162231
0.162407
0.162583
0.162759
0.162936
0.163113
0.16329
0.163467
0.163644
0.163822
0.163999
0.164177
0.164355
0.164534
0.164712
0.164891
0.16507
0.165249
0.165428
0.165607
0.165787
0.165967
0.166147
0.166327
0.166508
0.166688
0.166869
0.16705
0.167231
0.167413
0.167594
0.167776
0.167958
0.16814
0.168323
0.168505
0.168688
0.168871
0.169054
0.169238
0.169421
0.169605
0.169789
0.169973
0.170158
0.170342
0.170527
0.170712
0.170897
0.171082
0.171268
0.171454
0.17164
0.171826
0.172012
0.172199
0.172386
0.172573
0.17276
0.172947
0.173135
0.173323
0.173511
0.173699
0.173888
0.174076
0.174265
0.174454
0.174643
0.174833
0.175022
0.175212
0.175402
0.175593
0.175783
0.175974
0.176165
0.176356
0.176547
0.176739
0.17693
0.177122
0.177314
0.177507
0.177699
0.177892
0.178085
0.178278
0.178472
0.178665
0.178859
0.179053
0.179247
0.179442
0.179636
0.179831
0.180026
0.180222
0.180417
0.180613
0.180809
0.181005
0.181201
0.181398
0.181595
0.181792
0.181989
0.182186
0.182384
0.182582
0.18278
0.182978
0.183177
0.183375
0.183574
0.183773
0.183973
0.184172
0.184372
0.184572
0.184772
0.184973
0.185173
0.185374
0.185575
0.185777
0.185978
0.18618
0.186382
0.186584
0.186787
0.186989
0.187192
0.187395
0.187598
0.187802
0.188006
0.18821
0.188414
0.188618
0.188823
0.189028
0.189233
0.189438
0.189643
0.189849
0.190055
0.190261
0.190468
0.190674
0.190881
0.191088
0.191295
0.191503
0.191711
0.191919
0.192127
0.192335
0.192544
0.192753
0.192962
0.193171
0.193381
0.193591
0.193801
0.194011
0.194221
0.194432
0.194643
0.194854
0.195065
0.195277
0.195489
0.195701
0.195913
0.196126
0.196339
0.196551
0.196765
0.196978
0.197192
0.197406
0.19762
0.197834
0.198049
0.198264
0.198479
0.198694
0.19891
0.199125
0.199341
0.199558
0.199774
0.199991
0.200208
0.200425
0.200642
0.20086
0.201078
0.201296
0.201514
0.201733
0.201952
0.202171
0.20239
0.20261
0.20283
0.20305
0.20327
0.20349
0.203711
0.203932
0.204153
0.204375
0.204597
0.204819
0.205041
0.205263
0.205486
0.205709
0.205932
0.206155
0.206379
0.206603
0.206827
0.207051
0.207276
0.207501
0.207726
0.207951
0.208177
0.208403
0.208629
0.208855
0.209082
0.209308
0.209535
0.209763
0.20999
0.210218
0.210446
0.210674
0.210903
0.211132
0.211361
0.21159
0.21182
0.212049
0.212279
0.21251
0.21274
0.212971
0.213202
0.213433
0.213665
0.213897
0.214129
0.214361
0.214593
0.214826
0.215059
0.215293
0.215526
0.21576
0.215994
0.216228
0.216463
0.216698
0.216933
0.217168
0.217404
0.21764
0.217876
0.218112
0.218349
0.218585
0.218823
0.21906
0.219298
0.219535
0.219774
0.220012
0.220251
0.22049
0.220729
0.220968
0.221208
0.221448
0.221688
0.221929
0.222169
0.22241
0.222652
0.222893
0.223135
0.223377
0.223619
0.223862
0.224105
0.224348
0.224591
0.224835
0.225079
0.225323
0.225567
0.225812
0.226057
0.226302
0.226548
0.226794
0.22704
0.227286
0.227532
0.227779
0.228026
0.228274
0.228521
0.228769
0.229017
0.229266
0.229515
0.229763
0.230013
0.230262
0.230512
0.230762
0.231012
0.231263
0.231514
0.231765
0.232016
0.232268
0.23252
0.232772
0.233025
0.233278
0.233531
0.233784
0.234038
0.234292
0.234546
0.2348
0.235055
0.23531
0.235565
0.235821
0.236076
0.236333
0.236589
0.236846
0.237103
0.23736
0.237617
0.237875
0.238133
0.238391
0.23865
0.238909
0.239168
0.239427
0.239687
0.239947
0.240207
0.240468
0.240729
0.24099
0.241251
0.241513
0.241775
0.242037
0.2423
0.242563
0.242826
0.243089
0.243353
0.243617
0.243881
0.244146
0.244411
0.244676
0.244941
0.245207
0.245473
0.245739
0.246006
0.246273
0.24654
0.246807
0.247075
0.247343
0.247611
0.24788
0.248149
0.248418
0.248688
0.248957
0.249228
0.249498
0.249769
0.250039
0.250311
0.250582
0.250854
0.251126
0.251399
0.251671
0.251944
0.252218
0.252491
0.252765
0.253039
0.253314
0.253589
0.253864
0.254139
0.254415
0.254691
0.254967
0.255244
0.255521
0.255798
0.256075
0.256353
0.256631
0.25691
0.257188
0.257467
0.257747
0.258026
0.258306
0.258586
0.258867
0.259148
0.259429
0.25971
0.259992
0.260274
0.260556
0.260839
0.261122
0.261405
0.261689
0.261973
0.262257
0.262541
0.262826
0.263111
0.263397
0.263682
0.263968
0.264255
0.264541
0.264828
0.265116
0.265403
0.265691
0.265979
0.266268
0.266557
0.266846
0.267135
0.267425
0.267715
0.268006
0.268296
0.268587
0.268879
0.26917
0.269462
0.269755
0.270047
0.27034
0.270634
0.270927
0.271221
0.271515
0.27181
0.272105
0.2724
0.272695
0.272991
0.273287
0.273584
0.273881
0.274178
0.274475
0.274773
0.275071
0.275369
0.275668
0.275967
0.276266
0.276566
0.276866
0.277167
0.277467
0.277768
0.27807
0.278371
0.278673
0.278975
0.279278
0.279581
0.279884
0.280188
0.280492
0.280796
0.281101
0.281406
0.281711
0.282017
0.282323
0.282629
0.282935
0.283242
0.28355
0.283857
0.284165
0.284473
0.284782
0.285091
0.2854
0.28571
0.28602
0.28633
0.286641
0.286952
0.287263
0.287574
0.287886
0.288199
0.288511
0.288824
0.289138
0.289451
0.289765
0.29008
0.290394
0.290709
0.291025
0.29134
0.291656
0.291973
0.29229
0.292607
0.292924
0.293242
0.29356
0.293878
0.294197
0.294516
0.294836
0.295156
0.295476
0.295796
0.296117
0.296438
0.29676
0.297082
0.297404
0.297727
0.29805
0.298373
0.298697
0.299021
0.299345
0.29967
0.299995
0.30032
0.300646
0.300972
0.301299
0.301626
0.301953
0.30228
0.302608
0.302937
0.303265
0.303594
0.303924
0.304253
0.304583
0.304914
0.305245
0.305576
0.305907
0.306239
0.306571
0.306904
0.307237
0.30757
0.307904
0.308238
0.308572
0.308907
0.309242
0.309577
0.309913
0.310249
0.310586
0.310923
0.31126
0.311598
0.311936
0.312274
0.312613
0.312952
0.313292
0.313631
0.313972
0.314312
0.314653
0.314995
0.315336
0.315678
0.316021
0.316364
0.316707
0.31705
0.317394
0.317739
0.318083
0.318428
0.318774
0.31912
0.319466
0.319812
0.320159
0.320506
0.320854
0.321202
0.321551
0.321899
0.322249
0.322598
0.322948
0.323299
0.323649
0.324
0.324352
0.324704
0.325056
0.325409
0.325762
0.326115
0.326469
0.326823
0.327177
0.327532
0.327888
0.328243
0.328599
0.328956
0.329313
0.32967
0.330028
0.330386
0.330744
0.331103
0.331462
0.331822
0.332181
0.332542
0.332903
0.333264
0.333625
0.333987
0.334349
0.334712
0.335075
0.335439
0.335803
0.336167
0.336532
0.336897
0.337262
0.337628
0.337994
0.338361
0.338728
0.339095
0.339463
0.339831
0.3402
0.340569
0.340939
0.341308
0.341679
0.342049
0.34242
0.342792
0.343164
0.343536
0.343909
0.344282
0.344655
0.345029
0.345403
0.345778
0.346153
0.346529
0.346905
0.347281
0.347658
0.348035
0.348412
0.34879
0.349169
0.349547
0.349927
0.350306
0.350686
0.351067
0.351447
0.351829
0.35221
0.352592
0.352975
0.353358
0.353741
0.354125
0.354509
0.354894
0.355279
0.355664
0.35605
0.356436
0.356823
0.35721
0.357597
0.357985
0.358374
0.358762
0.359152
0.359541
0.359931
0.360322
0.360713
0.361104
0.361496
0.361888
0.36228
0.362673
0.363067
0.363461
0.363855
0.36425
0.364645
0.36504
0.365436
0.365833
0.366229
0.366627
0.367024
0.367423
0.367821
0.36822
0.36862
0.36902
0.36942
0.369821
0.370222
0.370623
0.371025
0.371428
0.371831
0.372234
0.372638
0.373042
0.373447
0.373852
0.374258
0.374664
0.37507
0.375477
0.375884
0.376292
0.3767
0.377109
0.377518
0.377927
0.378337
0.378748
0.379159
0.37957
0.379982
0.380394
0.380807
0.38122
0.381633
0.382047
0.382462
0.382877
0.383292
0.383708
0.384124
0.384541
0.384958
0.385375
0.385793
0.386212
0.386631
0.38705
0.38747
0.387891
0.388311
0.388733
0.389154
0.389576
0.389999
0.390422
0.390846
0.39127
0.391694
0.392119
0.392544
0.39297
0.393396
0.393823
0.39425
0.394678
0.395106
0.395535
0.395964
0.396393
0.396824
0.397254
0.397685
0.398116
0.398548
0.398981
0.399413
0.399847
0.40028
0.400715
0.401149
0.401584
0.40202
0.402456
0.402893
0.40333
0.403767
0.404205
0.404644
0.405083
0.405522
0.405962
0.406403
0.406843
0.407285
0.407727
0.408169
0.408612
0.409055
0.409499
0.409943
0.410388
0.410833
0.411278
0.411725
0.412171
0.412618
0.413066
0.413514
0.413963
0.414412
0.414861
0.415311
0.415762
0.416213
0.416664
0.417116
0.417569
0.418022
0.418475
0.418929
0.419384
0.419839
0.420294
0.42075
0.421206
0.421663
0.422121
0.422579
0.423037
0.423496
0.423955
0.424415
0.424876
0.425337
0.425798
0.42626
0.426722
0.427185
0.427649
0.428113
0.428577
0.429042
0.429507
0.429973
0.43044
0.430907
0.431374
0.431842
0.432311
0.432779
0.433249
0.433719
0.434189
0.43466
0.435132
0.435604
0.436077
0.43655
0.437023
0.437497
0.437972
0.438447
0.438923
0.439399
0.439875
0.440353
0.44083
0.441308
0.441787
0.442266
0.442746
0.443226
0.443707
0.444189
0.44467
0.445153
0.445636
0.446119
0.446603
0.447088
0.447573
0.448058
0.448544
0.449031
0.449518
0.450005
0.450494
0.450982
0.451472
0.451961
0.452452
0.452942
0.453434
0.453926
0.454418
0.454911
0.455405
0.455899
0.456393
0.456888
0.457384
0.45788
0.458377
0.458874
0.459372
0.45987
0.460369
0.460868
0.461368
0.461869
0.46237
0.462871
0.463374
0.463876
0.464379
0.464883
0.465387
0.465892
0.466398
0.466904
0.46741
0.467917
0.468425
0.468933
0.469442
0.469951
0.470461
0.470971
0.471482
0.471993
0.472505
0.473018
0.473531
0.474045
0.474559
0.475074
0.475589
0.476105
0.476622
0.477139
0.477656
0.478174
0.478693
0.479212
0.479732
0.480253
0.480774
0.481295
0.481817
0.48234
0.482863
0.483387
0.483911
0.484436
0.484962
0.485488
0.486015
0.486542
0.48707
0.487598
0.488127
0.488656
0.489187
0.489717
0.490248
0.49078
0.491313
0.491846
0.492379
0.492913
0.493448
0.493983
0.494519
0.495056
0.495593
0.49613
0.496668
0.497207
0.497747
0.498287
0.498827
0.499368
0.49991
0.500452
0.500995
0.501539
0.502083
0.502627
0.503173
0.503718
0.504265
0.504812
0.50536
0.505908
0.506457
0.507006
0.507556
0.508107
0.508658
0.50921
0.509762
0.510315
0.510868
0.511423
0.511977
0.512533
0.513089
0.513645
0.514203
0.51476
0.515319
0.515878
0.516438
0.516998
0.517559
0.51812
0.518682
0.519245
0.519808
0.520372
0.520936
0.521502
0.522067
0.522634
0.523201
0.523768
0.524336
0.524905
0.525474
0.526045
0.526615
0.527186
0.527758
0.528331
0.528904
0.529478
0.530052
0.530627
0.531203
0.531779
0.532356
0.532933
0.533511
0.53409
0.53467
0.53525
0.53583
0.536411
0.536993
0.537576
0.538159
0.538743
0.539327
0.539912
0.540498
0.541084
0.541671
0.542259
0.542847
0.543436
0.544026
0.544616
0.545207
0.545798
0.54639
0.546983
0.547576
0.54817
0.548765
0.54936
0.549956
0.550553
0.55115
0.551748
0.552346
0.552945
0.553545
0.554146
0.554747
0.555349
0.555951
0.556554
0.557158
0.557762
0.558367
0.558973
0.55958
0.560187
0.560794
0.561403
0.562012
0.562621
0.563232
0.563843
0.564454
0.565067
0.56568
0.566293
0.566908
0.567523
0.568138
0.568754
0.569371
0.569989
0.570607
0.571226
0.571846
0.572466
0.573087
0.573709
0.574331
0.574955
0.575578
0.576203
0.576828
0.577453
0.57808
0.578707
0.579335
0.579963
0.580592
0.581222
0.581853
0.582484
0.583116
0.583748
0.584382
0.585015
0.58565
0.586285
0.586921
0.587558
0.588195
0.588834
0.589472
0.590112
0.590752
0.591393
0.592034
0.592677
0.593319
0.593963
0.594607
0.595252
0.595898
0.596545
0.597192
0.59784
0.598488
0.599137
0.599787
0.600438
0.601089
0.601741
0.602394
0.603048
0.603702
0.604357
0.605012
0.605669
0.606326
0.606983
0.607642
0.608301
0.608961
0.609621
0.610283
0.610945
0.611608
0.612271
0.612935
0.6136
0.614266
0.614932
0.615599
0.616267
0.616936
0.617605
0.618275
0.618945
0.619617
0.620289
0.620962
0.621636
0.62231
0.622985
0.623661
0.624337
0.625015
0.625693
0.626371
0.627051
0.627731
0.628412
0.629094
0.629776
0.630459
0.631143
0.631828
0.632513
0.633199
0.633886
0.634574
0.635262
0.635952
0.636641
0.637332
0.638023
0.638716
0.639408
0.640102
0.640796
0.641492
0.642187
0.642884
0.643581
0.64428
0.644979
0.645678
0.646379
0.64708
0.647782
0.648484
0.649188
0.649892
0.650597
0.651303
0.652009
0.652717
0.653425
0.654134
0.654843
0.655554
0.656265
0.656977
0.657689
0.658403
0.659117
0.659832
0.660548
0.661264
0.661982
0.6627
0.663419
0.664138
0.664859
0.66558
0.666302
0.667025
0.667749
0.668473
0.669198
0.669924
0.670651
0.671378
0.672107
0.672836
0.673566
0.674296
0.675028
0.67576
0.676493
0.677227
0.677962
0.678697
0.679433
0.68017
0.680908
0.681647
0.682386
0.683127
0.683868
0.684609
0.685352
0.686096
0.68684
0.687585
0.688331
0.689078
0.689825
0.690573
0.691322
0.692072
0.692823
0.693575
0.694327
0.69508
0.695834
0.696589
0.697345
0.698101
0.698859
0.699617
0.700376
0.701135
0.701896
0.702657
0.70342
0.704183
0.704947
0.705711
0.706477
0.707243
0.708011
0.708779
0.709547
0.710317
0.711088
0.711859
0.712631
0.713404
0.714178
0.714953
0.715729
0.716505
0.717282
0.71806
0.718839
0.719619
0.7204
0.721181
0.721964
0.722747
0.723531
0.724316
0.725101
0.725888
0.726675
0.727464
0.728253
0.729043
0.729834
0.730625
0.731418
0.732212
0.733006
0.733801
0.734597
0.735394
0.736192
0.73699
0.73779
0.73859
0.739391
0.740193
0.740996
0.7418
0.742605
0.74341
0.744217
0.745024
0.745832
0.746642
0.747451
0.748262
0.749074
0.749887
0.7507
0.751514
0.75233
0.753146
0.753963
0.754781
0.7556
0.756419
0.75724
0.758061
0.758884
0.759707
0.760531
0.761356
0.762182
0.763009
0.763836
0.764665
0.765494
0.766325
0.767156
0.767988
0.768821
0.769656
0.77049
0.771326
0.772163
0.773001
0.773839
0.774679
0.775519
0.77636
0.777202
0.778046
0.77889
0.779735
0.78058
0.781427
0.782275
0.783123
0.783973
0.784823
0.785675
0.786527
0.78738
0.788234
0.78909
0.789946
0.790802
0.79166
0.792519
0.793379
0.79424
0.795101
0.795964
0.796827
0.797691
0.798557
0.799423
0.80029
0.801158
0.802028
0.802898
0.803769
0.80464
0.805513
0.806387
0.807262
0.808138
0.809014
0.809892
0.810771
0.81165
0.81253
0.813412
0.814294
0.815178
0.816062
0.816947
0.817833
0.818721
0.819609
0.820498
0.821388
0.822279
0.823171
0.824064
0.824958
0.825853
0.826749
0.827646
0.828543
0.829442
0.830342
0.831243
0.832144
0.833047
0.833951
0.834856
0.835761
0.836668
0.837575
0.838484
0.839394
0.840304
0.841216
0.842128
0.843042
0.843956
0.844872
0.845788
0.846706
0.847624
0.848544
0.849464
0.850386
0.851308
0.852232
0.853156
0.854082
0.855008
0.855936
0.856864
0.857794
0.858724
0.859656
0.860589
0.861522
0.862457
0.863392
0.864329
0.865266
0.866205
0.867145
0.868085
0.869027
0.86997
0.870914
0.871858
0.872804
0.873751
0.874699
0.875648
0.876598
0.877549
0.8785
0.879453
0.880408
0.881363
0.882319
0.883276
0.884234
0.885193
0.886153
0.887115
0.888077
0.88904
0.890005
0.89097
0.891937
0.892904
0.893873
0.894843
0.895813
0.896785
0.897758
0.898732
0.899707
0.900683
0.90166
0.902638
0.903617
0.904598
0.905579
0.906561
0.907545
0.908529
0.909515
0.910501
0.911489
0.912478
0.913468
0.914459
0.915451
0.916444
0.917438
0.918433
0.919429
0.920427
0.921425
0.922425
0.923425
0.924427
0.92543
0.926434
0.927439
0.928445
0.929452
0.93046
0.93147
0.93248
0.933492
0.934504
0.935518
0.936533
0.937549
0.938566
0.939584
0.940603
0.941624
0.942645
0.943668
0.944692
0.945716
0.946742
0.947769
0.948797
0.949827
0.950857
0.951888
0.952921
0.953955
0.95499
0.956026
0.957063
0.958101
0.95914
0.960181
0.961222
0.962265
0.963309
0.964354
0.9654
0.966447
0.967496
0.968545
0.969596
0.970648
0.971701
0.972755
0.97381
0.974866
0.975924
0.976983
0.978042
0.979103
0.980166
0.981229
0.982293
0.983359
0.984426
0.985494
0.986563
0.987633
0.988704
0.989777
0.99085
0.991925
0.993001
0.994079
0.995157
0.996236
0.997317
0.998399
0.999482
1.00057
1.00165
1.00274
1.00383
1.00492
1.00601
1.0071
1.00819
1.00928
1.01038
1.01147
1.01257
1.01367
1.01477
1.01587
1.01697
1.01807
1.01918
1.02028
1.02139
1.0225
1.02361
1.02472
1.02583
1.02694
1.02806
1.02917
1.03029
1.03141
1.03253
1.03365
1.03477
1.03589
1.03701
1.03814
1.03926
1.04039
1.04152
1.04265
1.04378
1.04491
1.04605
1.04718
1.04832
1.04946
1.05059
1.05173
1.05287
1.05402
1.05516
1.0563
1.05745
1.0586
1.05975
1.0609
1.06205
1.0632
1.06435
1.06551
1.06666
1.06782
1.06898
1.07014
1.0713
1.07246
1.07362
1.07479
1.07595
1.07712
1.07829
1.07946
1.08063
1.0818
1.08298
1.08415
1.08533
1.0865
1.08768
1.08886
1.09004
1.09123
1.09241
1.0936
1.09478
1.09597
1.09716
1.09835
1.09954
1.10073
1.10193
1.10312
1.10432
1.10552
1.10672
1.10792
1.10912
1.11032
1.11153
1.11273
1.11394
1.11515
1.11636
1.11757
1.11878
1.11999
1.12121
1.12243
1.12364
1.12486
1.12608
1.1273
1.12853
1.12975
1.13098
1.1322
1.13343
1.13466
1.13589
1.13712
1.13836
1.13959
1.14083
1.14207
1.14331
1.14455
1.14579
1.14703
1.14827
1.14952
1.15077
1.15202
1.15327
1.15452
1.15577
1.15702
1.15828
1.15953
1.16079
1.16205
1.16331
1.16457
1.16584
1.1671
1.16837
1.16964
1.1709
1.17217
1.17345
1.17472
1.17599
1.17727
1.17855
1.17982
1.1811
1.18239
1.18367
1.18495
1.18624
1.18752
1.18881
1.1901
1.19139
1.19269
1.19398
1.19528
1.19657
1.19787
1.19917
1.20047
1.20177
1.20308
1.20438
1.20569
1.207
1.2083
1.20962
1.21093
1.21224
1.21356
1.21487
1.21619
1.21751
1.21883
1.22015
1.22148
1.2228
1.22413
1.22546
1.22679
1.22812
1.22945
1.23078
1.23212
1.23345
1.23479
1.23613
1.23747
1.23882
1.24016
1.2415
1.24285
1.2442
1.24555
1.2469
1.24825
1.24961
1.25096
1.25232
1.25368
1.25504
1.2564
1.25776
1.25913
1.26049
1.26186
1.26323
1.2646
1.26597
1.26734
1.26872
1.2701
1.27147
1.27285
1.27423
1.27562
1.277
1.27838
1.27977
1.28116
1.28255
1.28394
1.28533
1.28673
1.28812
1.28952
1.29092
1.29232
1.29372
1.29513
1.29653
1.29794
1.29935
1.30075
1.30217
1.30358
1.30499
1.30641
1.30783
1.30924
1.31066
1.31209
1.31351
1.31493
1.31636
1.31779
1.31922
1.32065
1.32208
1.32352
1.32495
1.32639
1.32783
1.32927
1.33071
1.33215
1.3336
1.33505
1.33649
1.33794
1.3394
1.34085
1.3423
1.34376
1.34522
1.34668
1.34814
1.3496
1.35106
1.35253
1.354
1.35547
1.35694
1.35841
1.35988
1.36136
1.36283
1.36431
1.36579
1.36727
1.36876
1.37024
1.37173
1.37322
1.37471
1.3762
1.37769
1.37918
1.38068
1.38218
1.38368
1.38518
1.38668
1.38819
1.38969
1.3912
1.39271
1.39422
1.39573
1.39724
1.39876
1.40028
1.4018
1.40332
1.40484
1.40636
1.40789
1.40942
1.41095
1.41248
1.41401
1.41554
1.41708
1.41862
1.42015
1.42169
1.42324
1.42478
1.42633
1.42787
1.42942
1.43097
1.43253
1.43408
1.43564
1.43719
1.43875
1.44031
1.44188
1.44344
1.44501
1.44657
1.44814
1.44971
1.45129
1.45286
1.45444
1.45601
1.45759
1.45917
1.46076
1.46234
1.46393
1.46552
1.46711
1.4687
1.47029
1.47189
1.47348
1.47508
1.47668
1.47828
1.47989
1.48149
1.4831
1.48471
1.48632
1.48793
1.48955
1.49116
1.49278
1.4944
1.49602
1.49764
1.49927
1.50089
1.50252
1.50415
1.50578
1.50742
1.50905
1.51069
1.51233
1.51397
1.51561
1.51725
1.5189
1.52055
1.5222
1.52385
1.5255
1.52716
1.52881
1.53047
1.53213
1.53379
1.53546
1.53712
1.53879
1.54046
1.54213
1.5438
1.54548
1.54716
1.54883
1.55051
1.5522
1.55388
1.55557
1.55725
1.55894
1.56063
1.56233
1.56402
1.56572
1.56742
1.56912
1.57082
1.57252
1.57423
1.57594
1.57765
1.57936
1.58107
1.58279
1.5845
1.58622
1.58794
1.58966
1.59139
1.59312
1.59484
1.59657
1.59831
1.60004
1.60178
1.60351
1.60525
1.60699
1.60874
1.61048
1.61223
1.61398
1.61573
1.61748
1.61924
1.62099
1.62275
1.62451
1.62627
1.62804
1.6298
1.63157
1.63334
1.63511
1.63689
1.63866
1.64044
1.64222
1.644
1.64579
1.64757
1.64936
1.65115
1.65294
1.65473
1.65653
1.65832
1.66012
1.66192
1.66373
1.66553
1.66734
1.66915
1.67096
1.67277
1.67458
1.6764
1.67822
1.68004
1.68186
1.68369
1.68551
1.68734
1.68917
1.69101
1.69284
1.69468
1.69651
1.69835
1.7002
1.70204
1.70389
1.70574
1.70759
1.70944
1.71129
1.71315
1.71501
1.71687
1.71873
1.7206
1.72246
1.72433
1.7262
1.72807
1.72995
1.73182
1.7337
1.73558
1.73747
1.73935
1.74124
1.74313
1.74502
1.74691
1.74881
1.7507
1.7526
1.7545
1.75641
1.75831
1.76022
1.76213
1.76404
1.76595
1.76787
1.76979
1.77171
1.77363
1.77555
1.77748
1.77941
1.78134
1.78327
1.78521
1.78714
1.78908
1.79102
1.79296
1.79491
1.79686
1.79881
1.80076
1.80271
1.80467
1.80662
1.80858
1.81055
1.81251
1.81448
1.81644
1.81841
1.82039
1.82236
1.82434
1.82632
1.8283
1.83028
1.83227
1.83426
1.83625
1.83824
1.84023
1.84223
1.84423
1.84623
1.84823
1.85023
1.85224
1.85425
1.85626
1.85828
1.86029
1.86231
1.86433
1.86635
1.86838
1.8704
1.87243
1.87446
1.8765
1.87853
1.88057
1.88261
1.88465
1.8867
1.88874
1.89079
1.89284
1.8949
1.89695
1.89901
1.90107
1.90313
1.9052
1.90727
1.90933
1.91141
1.91348
1.91555
1.91763
1.91971
1.9218
1.92388
1.92597
1.92806
1.93015
1.93224
1.93434
1.93644
1.93854
1.94064
1.94274
1.94485
1.94696
1.94907
1.95119
1.95331
1.95542
1.95755
1.95967
1.96179
1.96392
1.96605
1.96819
1.97032
1.97246
1.9746
1.97674
1.97888
1.98103
1.98318
1.98533
1.98749
1.98964
1.9918
1.99396
1.99612
1.99829
2.00046
2.00263
2.0048
2.00697
2.00915
2.01133
2.01351
2.0157
2.01788
2.02007
2.02226
2.02446
2.02665
2.02885
2.03105
2.03326
2.03546
2.03767
2.03988
2.04209
2.04431
2.04653
2.04875
2.05097
2.05319
2.05542
2.05765
2.05988
2.06212
2.06435
2.06659
2.06884
2.07108
2.07333
2.07558
2.07783
2.08008
2.08234
2.0846
2.08686
2.08912
2.09139
2.09366
2.09593
2.0982
2.10048
2.10276
2.10504
2.10732
2.10961
2.1119
2.11419
2.11648
2.11878
2.12107
2.12338
2.12568
2.12798
2.13029
2.1326
2.13492
2.13723
2.13955
2.14187
2.1442
2.14652
2.14885
2.15118
2.15352
2.15585
2.15819
2.16053
2.16288
2.16522
2.16757
2.16992
2.17228
2.17463
2.17699
2.17935
2.18172
2.18408
2.18645
2.18882
2.1912
2.19358
2.19596
2.19834
2.20072
2.20311
2.2055
2.20789
2.21029
2.21269
2.21509
2.21749
2.21989
2.2223
2.22471
2.22713
2.22954
2.23196
2.23438
2.23681
2.23923
2.24166
2.24409
2.24653
2.24896
2.2514
2.25385
2.25629
2.25874
2.26119
2.26364
2.2661
2.26856
2.27102
2.27348
2.27595
2.27842
2.28089
2.28336
2.28584
2.28832
2.2908
2.29329
2.29577
2.29826
2.30076
2.30325
2.30575
2.30825
2.31076
2.31326
2.31577
2.31829
2.3208
2.32332
2.32584
2.32836
2.33089
2.33342
2.33595
2.33848
2.34102
2.34356
2.3461
2.34864
2.35119
2.35374
2.3563
2.35885
2.36141
2.36397
2.36654
2.3691
2.37167
2.37425
2.37682
2.3794
2.38198
2.38457
2.38715
2.38974
2.39233
2.39493
2.39753
2.40013
2.40273
2.40534
2.40795
2.41056
2.41318
2.41579
2.41841
2.42104
2.42366
2.42629
2.42893
2.43156
2.4342
2.43684
2.43948
2.44213
2.44478
2.44743
2.45008
2.45274
2.4554
2.45807
2.46073
2.4634
2.46607
2.46875
2.47143
2.47411
2.47679
2.47948
2.48217
2.48486
2.48756
2.49026
2.49296
2.49566
2.49837
2.50108
2.50379
2.50651
2.50923
2.51195
2.51467
2.5174
2.52013
2.52287
2.5256
2.52834
2.53109
2.53383
2.53658
2.53933
2.54209
2.54485
2.54761
2.55037
2.55314
2.55591
2.55868
2.56145
2.56423
2.56701
2.5698
2.57259
2.57538
2.57817
2.58097
2.58377
2.58657
2.58938
2.59219
2.595
2.59781
2.60063
2.60345
2.60628
2.6091
2.61193
2.61477
2.6176
2.62044
2.62329
2.62613
2.62898
2.63183
2.63469
2.63755
2.64041
2.64327
2.64614
2.64901
2.65188
2.65476
2.65764
2.66052
2.66341
2.6663
2.66919
2.67209
2.67498
2.67789
2.68079
2.6837
2.68661
2.68952
2.69244
2.69536
2.69829
2.70121
2.70414
2.70708
2.71001
2.71295
2.7159
2.71884
2.72179
2.72475
2.7277
2.73066
2.73362
2.73659
2.73956
2.74253
2.7455
2.74848
2.75146
2.75445
2.75744
2.76043
2.76342
2.76642
2.76942
2.77242
2.77543
2.77844
2.78146
2.78447
2.78749
2.79052
2.79355
2.79658
2.79961
2.80265
2.80569
2.80873
2.81178
2.81483
2.81788
2.82094
2.824
2.82706
2.83013
2.8332
2.83627
2.83935
2.84243
2.84551
2.8486
2.85169
2.85478
2.85788
2.86098
2.86408
2.86719
2.8703
2.87341
2.87653
2.87965
2.88278
2.8859
2.88903
2.89217
2.89531
2.89845
2.90159
2.90474
2.90789
2.91104
2.9142
2.91736
2.92053
2.9237
2.92687
2.93004
2.93322
2.9364
2.93959
2.94278
2.94597
2.94917
2.95236
2.95557
2.95877
2.96198
2.9652
2.96841
2.97163
2.97486
2.97808
2.98131
2.98455
2.98779
2.99103
2.99427
2.99752
3.00077
3.00403
3.00729
3.01055
3.01381
3.01708
3.02036
3.02363
3.02691
3.0302
3.03348
3.03677
3.04007
3.04337
3.04667
3.04997
3.05328
3.05659
3.05991
3.06323
3.06655
3.06988
3.07321
3.07654
3.07988
3.08322
3.08657
3.08991
3.09327
3.09662
3.09998
3.10334
3.10671
3.11008
3.11345
3.11683
3.12021
3.1236
3.12699
3.13038
3.13377
3.13717
3.14058
3.14398
3.14739
3.15081
3.15423
3.15765
3.16107
3.1645
3.16793
3.17137
3.17481
3.17826
3.1817
3.18515
3.18861
3.19207
3.19553
3.199
3.20247
3.20594
3.20942
3.2129
3.21639
3.21988
3.22337
3.22687
3.23037
3.23387
3.23738
3.24089
3.24441
3.24793
3.25145
3.25498
3.25851
3.26204
3.26558
3.26912
3.27267
3.27622
3.27977
3.28333
3.28689
3.29046
3.29403
3.2976
3.30118
3.30476
3.30835
3.31193
3.31553
3.31912
3.32272
3.32633
3.32994
3.33355
3.33717
3.34079
3.34441
3.34804
3.35167
3.35531
3.35895
3.36259
3.36624
3.36989
3.37354
3.3772
3.38087
3.38454
3.38821
3.39188
3.39556
3.39925
3.40293
3.40662
3.41032
3.41402
3.41772
3.42143
3.42514
3.42886
3.43258
3.4363
3.44003
3.44376
3.4475
3.45124
3.45498
3.45873
3.46248
3.46624
3.47
3.47376
3.47753
3.4813
3.48508
3.48886
3.49264
3.49643
3.50022
3.50402
3.50782
3.51163
3.51544
3.51925
3.52307
3.52689
3.53072
3.53455
3.53838
3.54222
3.54606
3.54991
3.55376
3.55761
3.56147
3.56534
3.5692
3.57308
3.57695
3.58083
3.58472
3.58861
3.5925
3.5964
3.6003
3.6042
3.60811
3.61203
3.61595
3.61987
3.62379
3.62773
3.63166
3.6356
3.63954
3.64349
3.64745
3.6514
3.65536
3.65933
3.6633
3.66727
3.67125
3.67523
3.67922
3.68321
3.68721
3.69121
3.69521
3.69922
3.70323
3.70725
3.71127
3.7153
3.71933
3.72336
3.7274
3.73144
3.73549
3.73954
3.7436
3.74766
3.75173
3.7558
3.75987
3.76395
3.76803
3.77212
3.77621
3.78031
3.78441
3.78852
3.79263
3.79674
3.80086
3.80498
3.80911
3.81324
3.81738
3.82152
3.82566
3.82981
3.83397
3.83813
3.84229
3.84646
3.85063
3.85481
3.85899
3.86318
3.86737
3.87156
3.87576
3.87997
3.88418
3.88839
3.89261
3.89683
3.90106
3.90529
3.90953
3.91377
3.91801
3.92226
3.92652
3.93078
3.93504
3.93931
3.94358
3.94786
3.95214
3.95643
3.96072
3.96502
3.96932
3.97363
3.97794
3.98225
3.98657
3.9909
3.99523
3.99956
4.0039
4.00824
4.01259
4.01694
4.0213
4.02566
4.03003
4.0344
4.03878
4.04316
4.04755
4.05194
4.05633
4.06073
4.06514
4.06955
4.07396
4.07838
4.08281
4.08724
4.09167
4.09611
4.10055
4.105
4.10945
4.11391
4.11837
4.12284
4.12731
4.13179
4.13627
4.14076
4.14525
4.14975
4.15425
4.15876
4.16327
4.16778
4.17231
4.17683
4.18136
4.1859
4.19044
4.19499
4.19954
4.20409
4.20865
4.21322
4.21779
4.22236
4.22694
4.23153
4.23612
4.24072
4.24532
4.24992
4.25453
4.25915
4.26377
4.26839
4.27302
4.27766
4.2823
4.28694
4.29159
4.29625
4.30091
4.30558
4.31025
4.31492
4.3196
4.32429
4.32898
4.33368
4.33838
4.34308
4.34779
4.35251
4.35723
4.36196
4.36669
4.37143
4.37617
4.38092
4.38567
4.39043
4.39519
4.39996
4.40473
4.40951
4.41429
4.41908
4.42388
4.42867
4.43348
4.43829
4.4431
4.44792
4.45275
4.45758
4.46241
4.46725
4.4721
4.47695
4.48181
4.48667
4.49154
4.49641
4.50129
4.50617
4.51106
4.51595
4.52085
4.52576
4.53066
4.53558
4.5405
4.54543
4.55036
4.55529
4.56023
4.56518
4.57013
4.57509
4.58005
4.58502
4.59
4.59498
4.59996
4.60495
4.60995
4.61495
4.61995
4.62496
4.62998
4.635
4.64003
4.64507
4.6501
4.65515
4.6602
4.66525
4.67032
4.67538
4.68045
4.68553
4.69061
4.6957
4.7008
4.7059
4.711
4.71611
4.72123
4.72635
4.73148
4.73661
4.74175
4.74689
4.75204
4.75719
4.76235
4.76752
4.77269
4.77787
4.78305
4.78824
4.79344
4.79864
4.80384
4.80905
4.81427
4.81949
4.82472
4.82995
4.83519
4.84044
4.84569
4.85095
4.85621
4.86148
4.86675
4.87203
4.87732
4.88261
4.8879
4.8932
4.89851
4.90383
4.90915
4.91447
4.9198
4.92514
4.93048
4.93583
4.94119
4.94655
4.95191
4.95728
4.96266
4.96805
4.97343
4.97883
4.98423
4.98964
4.99505
5.00047
5.00589
5.01132
5.01676
5.0222
5.02765
5.0331
5.03856
5.04403
5.0495
5.05498
5.06046
5.06595
5.07145
5.07695
5.08246
5.08797
5.09349
5.09902
5.10455
5.11008
5.11563
5.12118
5.12673
5.13229
5.13786
5.14343
5.14901
5.1546
5.16019
5.16579
5.17139
5.177
5.18262
5.18824
5.19387
5.1995
5.20514
5.21079
5.21644
5.2221
5.22777
5.23344
5.23912
5.2448
5.25049
5.25618
5.26189
5.26759
5.27331
5.27903
5.28476
5.29049
5.29623
5.30197
5.30772
5.31348
5.31925
5.32502
5.33079
5.33658
5.34236
5.34816
5.35396
5.35977
5.36558
5.3714
5.37723
5.38306
5.3889
5.39475
5.4006
5.40646
5.41233
5.4182
5.42407
5.42996
5.43585
5.44175
5.44765
5.45356
5.45947
5.4654
5.47133
5.47726
5.4832
5.48915
5.49511
5.50107
5.50703
5.51301
5.51899
5.52498
5.53097
5.53697
5.54298
5.54899
5.55501
5.56103
5.56707
5.57311
5.57915
5.5852
5.59126
5.59733
5.6034
5.60948
5.61556
5.62166
5.62775
5.63386
5.63997
5.64609
5.65221
5.65834
5.66448
5.67063
5.67678
5.68294
5.6891
5.69527
5.70145
5.70764
5.71383
5.72003
5.72623
5.73244
5.73866
5.74489
5.75112
5.75736
5.7636
5.76986
5.77612
5.78238
5.78865
5.79493
5.80122
5.80751
5.81381
5.82012
5.82643
5.83275
5.83908
5.84542
5.85176
5.8581
5.86446
5.87082
5.87719
5.88357
5.88995
5.89634
5.90273
5.90914
5.91555
5.92196
5.92839
5.93482
5.94126
5.9477
5.95415
5.96061
5.96708
5.97355
5.98003
5.98652
5.99301
5.99952
6.00602
6.01254
6.01906
6.02559
6.03213
6.03867
6.04522
6.05178
6.05834
6.06492
6.0715
6.07808
6.08468
6.09128
6.09788
6.1045
6.11112
6.11775
6.12439
6.13103
6.13768
6.14434
6.15101
6.15768
6.16436
6.17104
6.17774
6.18444
6.19115
6.19787
6.20459
6.21132
6.21806
6.2248
6.23156
6.23832
6.24508
6.25186
6.25864
6.26543
6.27223
6.27903
6.28584
6.29266
6.29949
6.30632
6.31316
6.32001
6.32687
6.33373
6.3406
6.34748
6.35436
6.36126
6.36816
6.37507
6.38198
6.3889
6.39584
6.40277
6.40972
6.41667
6.42363
6.4306
6.43758
6.44456
6.45155
6.45855
6.46556
6.47257
6.47959
6.48662
6.49366
6.5007
6.50775
6.51481
6.52188
6.52896
6.53604
6.54313
6.55023
6.55733
6.56445
6.57157
6.5787
6.58583
6.59298
6.60013
6.60729
6.61446
6.62163
6.62881
6.636
6.6432
6.65041
6.65762
6.66485
6.67208
6.67931
6.68656
6.69381
6.70108
6.70834
6.71562
6.72291
6.7302
6.7375
6.74481
6.75213
6.75945
6.76678
6.77412
6.78147
6.78883
6.79619
6.80357
6.81095
6.81834
6.82573
6.83314
6.84055
6.84797
6.8554
6.86283
6.87028
6.87773
6.88519
6.89266
6.90014
6.90762
6.91512
6.92262
6.93013
6.93765
6.94517
6.95271
6.96025
6.9678
6.97536
6.98293
6.9905
6.99808
7.00567
7.01327
7.02088
7.0285
7.03612
7.04376
7.0514
7.05905
7.0667
7.07437
7.08204
7.08973
7.09742
7.10512
7.11282
7.12054
7.12826
7.136
7.14374
7.15149
7.15925
7.16701
7.17479
7.18257
7.19036
7.19816
7.20597
7.21379
7.22161
7.22945
7.23729
7.24514
7.253
7.26087
7.26874
7.27663
7.28452
7.29243
7.30034
7.30826
7.31618
7.32412
7.33207
7.34002
7.34798
7.35595
7.36393
7.37192
7.37992
7.38792
7.39594
7.40396
7.41199
7.42003
7.42808
7.43614
7.44421
7.45228
7.46037
7.46846
7.47656
7.48467
7.49279
7.50092
7.50906
7.5172
7.52536
7.53352
7.54169
7.54987
7.55806
7.56626
7.57447
7.58269
7.59091
7.59915
7.60739
7.61564
7.62391
7.63218
7.64046
7.64874
7.65704
7.66535
7.67366
7.68199
7.69032
7.69866
7.70701
7.71537
7.72374
7.73212
7.74051
7.74891
7.75731
7.76573
7.77415
7.78259
7.79103
7.79948
7.80794
7.81641
7.82489
7.83338
7.84188
7.85038
7.8589
7.86743
7.87596
7.8845
7.89306
7.90162
7.91019
7.91877
7.92736
7.93596
7.94457
7.95319
7.96182
7.97045
7.9791
7.98776
7.99642
8.00509
8.01378
8.02247
8.03117
8.03989
8.04861
8.05734
8.06608
8.07483
8.08359
8.09236
8.10114
8.10993
8.11872
8.12753
8.13635
8.14517
8.15401
8.16285
8.17171
8.18057
8.18945
8.19833
8.20723
8.21613
8.22504
8.23396
8.2429
8.25184
8.26079
8.26975
8.27872
8.2877
8.29669
8.30569
8.3147
8.32372
8.33275
8.34179
8.35084
8.3599
8.36897
8.37805
8.38714
8.39623
8.40534
8.41446
8.42359
8.43273
8.44187
8.45103
8.4602
8.46938
8.47857
8.48776
8.49697
8.50619
8.51542
8.52465
8.5339
8.54316
8.55243
8.5617
8.57099
8.58029
8.5896
8.59891
8.60824
8.61758
8.62693
8.63629
8.64566
8.65503
8.66442
8.67382
8.68323
8.69265
8.70208
8.71152
8.72097
8.73043
8.7399
8.74938
8.75888
8.76838
8.77789
8.78741
8.79694
8.80649
8.81604
8.8256
8.83518
8.84476
8.85436
8.86396
8.87358
8.8832
8.89284
8.90249
8.91214
8.92181
8.93149
8.94118
8.95088
8.96059
8.97031
8.98004
8.98978
8.99953
9.0093
9.01907
9.02885
9.03865
9.04845
9.05827
9.06809
9.07793
9.08778
9.09764
9.10751
9.11739
9.12728
9.13718
9.14709
9.15701
9.16695
9.17689
9.18685
9.19681
9.20679
9.21678
9.22677
9.23678
9.2468
9.25683
9.26688
9.27693
9.28699
9.29707
9.30715
9.31725
9.32736
9.33747
9.3476
9.35774
9.36789
9.37806
9.38823
9.39841
9.40861
9.41882
9.42903
9.43926
9.4495
9.45975
9.47002
9.48029
9.49057
9.50087
9.51117
9.52149
9.53182
9.54216
9.55251
9.56287
9.57325
9.58363
9.59403
9.60444
9.61486
9.62529
9.63573
9.64618
9.65664
9.66712
9.67761
9.68811
9.69861
9.70914
9.71967
9.73021
9.74077
9.75133
9.76191
9.7725
9.7831
9.79372
9.80434
9.81498
9.82562
9.83628
9.84695
9.85763
9.86833
9.87903
9.88975
9.90048
9.91122
9.92197
9.93273
9.94351
9.95429
9.96509
9.9759
9.98673
9.99756
10.0084
10.0193
10.0301
10.041
10.0519
10.0628
10.0737
10.0847
10.0956
10.1065
10.1175
10.1285
10.1395
10.1505
10.1615
10.1725
10.1835
10.1946
10.2056
10.2167
10.2278
10.2389
10.25
10.2611
10.2723
10.2834
10.2945
10.3057
10.3169
10.3281
10.3393
10.3505
10.3617
10.373
10.3842
10.3955
10.4068
10.4181
10.4294
10.4407
10.452
10.4633
10.4747
10.4861
10.4974
10.5088
10.5202
10.5316
10.5431
10.5545
10.5659
10.5774
10.5889
10.6004
10.6119
10.6234
10.6349
10.6464
10.658
10.6695
10.6811
10.6927
10.7043
10.7159
10.7275
10.7392
10.7508
10.7625
10.7742
10.7859
10.7976
10.8093
10.821
10.8327
10.8445
10.8562
10.868
10.8798
10.8916
10.9034
10.9153
10.9271
10.939
10.9508
10.9627
10.9746
10.9865
10.9984
11.0103
11.0223
11.0342
11.0462
11.0582
11.0702
11.0822
11.0942
11.1063
11.1183
11.1304
11.1424
11.1545
11.1666
11.1787
11.1909
11.203
11.2152
11.2273
11.2395
11.2517
11.2639
11.2761
11.2884
11.3006
11.3129
11.3251
11.3374
11.3497
11.362
11.3744
11.3867
11.3991
11.4114
11.4238
11.4362
11.4486
11.461
11.4734
11.4859
11.4984
11.5108
11.5233
11.5358
11.5483
11.5609
11.5734
11.586
11.5985
11.6111
11.6237
11.6363
11.6489
11.6616
11.6742
11.6869
11.6996
11.7123
11.725
11.7377
11.7504
11.7632
11.7759
11.7887
11.8015
11.8143
11.8271
11.8399
11.8528
11.8656
11.8785
11.8914
11.9043
11.9172
11.9301
11.9431
11.956
11.969
11.982
11.995
12.008
12.021
12.0341
12.0471
12.0602
12.0733
12.0864
12.0995
12.1126
12.1257
12.1389
12.1521
12.1652
12.1784
12.1916
12.2049
12.2181
12.2314
12.2446
12.2579
12.2712
12.2845
12.2979
12.3112
12.3245
12.3379
12.3513
12.3647
12.3781
12.3915
12.405
12.4184
12.4319
12.4454
12.4589
12.4724
12.4859
12.4995
12.513
12.5266
12.5402
12.5538
12.5674
12.5811
12.5947
12.6084
12.6221
12.6357
12.6495
12.6632
12.6769
12.6907
12.7044
12.7182
12.732
12.7458
12.7596
12.7735
12.7873
12.8012
12.8151
12.829
12.8429
12.8569
12.8708
12.8848
12.8987
12.9127
12.9267
12.9408
12.9548
12.9689
12.9829
12.997
13.0111
13.0252
13.0394
13.0535
13.0677
13.0818
13.096
13.1102
13.1245
13.1387
13.1529
13.1672
13.1815
13.1958
13.2101
13.2244
13.2388
13.2531
13.2675
13.2819
13.2963
13.3107
13.3252
13.3396
13.3541
13.3686
13.3831
13.3976
13.4122
13.4267
13.4413
13.4559
13.4704
13.4851
13.4997
13.5143
13.529
13.5437
13.5584
13.5731
13.5878
13.6025
13.6173
13.6321
13.6469
13.6617
13.6765
13.6913
13.7062
13.721
13.7359
13.7508
13.7657
13.7807
13.7956
13.8106
13.8256
13.8406
13.8556
13.8706
13.8857
13.9007
13.9158
13.9309
13.946
13.9611
13.9763
13.9914
14.0066
14.0218
14.037
14.0522
14.0675
14.0828
14.098
14.1133
14.1286
14.144
14.1593
14.1747
14.19
14.2054
14.2208
14.2363
14.2517
14.2672
14.2827
14.2981
14.3137
14.3292
14.3447
14.3603
14.3759
14.3915
14.4071
14.4227
14.4383
14.454
14.4697
14.4854
14.5011
14.5168
14.5326
14.5483
14.5641
14.5799
14.5957
14.6116
14.6274
14.6433
14.6592
14.6751
14.691
14.7069
14.7229
14.7389
14.7548
14.7709
14.7869
14.8029
14.819
14.8351
14.8511
14.8673
14.8834
14.8995
14.9157
14.9319
14.9481
14.9643
14.9805
14.9968
15.013
15.0293
15.0456
15.062
15.0783
15.0946
15.111
15.1274
15.1438
15.1603
15.1767
15.1932
15.2096
15.2261
15.2427
15.2592
15.2757
15.2923
15.3089
15.3255
15.3421
15.3588
15.3754
15.3921
15.4088
15.4255
15.4423
15.459
15.4758
15.4926
15.5094
15.5262
15.5431
15.5599
15.5768
15.5937
15.6106
15.6275
15.6445
15.6615
15.6785
15.6955
15.7125
15.7295
15.7466
15.7637
15.7808
15.7979
15.815
15.8322
15.8494
15.8666
15.8838
15.901
15.9183
15.9355
15.9528
15.9701
15.9874
16.0048
16.0221
16.0395
16.0569
16.0743
16.0918
16.1092
16.1267
16.1442
16.1617
16.1792
16.1968
16.2144
16.232
16.2496
16.2672
16.2848
16.3025
16.3202
16.3379
16.3556
16.3734
16.3911
16.4089
16.4267
16.4445
16.4624
16.4802
16.4981
16.516
16.5339
16.5519
16.5698
16.5878
16.6058
16.6238
16.6418
16.6599
16.6779
16.696
16.7142
16.7323
16.7504
16.7686
16.7868
16.805
16.8232
16.8415
16.8598
16.878
16.8964
16.9147
16.933
16.9514
16.9698
16.9882
17.0066
17.0251
17.0435
17.062
17.0805
17.0991
17.1176
17.1362
17.1548
17.1734
17.192
17.2107
17.2293
17.248
17.2667
17.2855
17.3042
17.323
17.3418
17.3606
17.3794
17.3983
17.4172
17.4361
17.455
17.4739
17.4929
17.5118
17.5308
17.5498
17.5689
17.5879
17.607
17.6261
17.6452
17.6644
17.6835
17.7027
17.7219
17.7412
17.7604
17.7797
17.799
17.8183
17.8376
17.8569
17.8763
17.8957
17.9151
17.9346
17.954
17.9735
17.993
18.0125
18.032
18.0516
18.0712
18.0908
18.1104
18.1301
18.1497
18.1694
18.1891
18.2089
18.2286
18.2484
18.2682
18.288
18.3078
18.3277
18.3476
18.3675
18.3874
18.4074
18.4273
18.4473
18.4673
18.4874
18.5074
18.5275
18.5476
18.5677
18.5879
18.608
18.6282
18.6484
18.6686
18.6889
18.7092
18.7295
18.7498
18.7701
18.7905
18.8109
18.8313
18.8517
18.8721
18.8926
18.9131
18.9336
18.9542
18.9747
18.9953
19.0159
19.0365
19.0572
19.0779
19.0986
19.1193
19.14
19.1608
19.1816
19.2024
19.2232
19.2441
19.2649
19.2858
19.3068
19.3277
19.3487
19.3697
19.3907
19.4117
19.4328
19.4538
19.475
19.4961
19.5172
19.5384
19.5596
19.5808
19.6021
19.6233
19.6446
19.6659
19.6873
19.7086
19.73
19.7514
19.7728
19.7943
19.8157
19.8372
19.8588
19.8803
19.9019
19.9235
19.9451
19.9667
19.9884
20.01
20.0318
20.0535
20.0752
20.097
20.1188
20.1406
20.1625
20.1844
20.2063
20.2282
20.2501
20.2721
20.2941
20.3161
20.3381
20.3602
20.3823
20.4044
20.4265
20.4487
20.4709
20.4931
20.5153
20.5376
20.5598
20.5821
20.6045
20.6268
20.6492
20.6716
20.694
20.7165
20.7389
20.7614
20.784
20.8065
20.8291
20.8517
20.8743
20.8969
20.9196
20.9423
20.965
20.9878
21.0105
21.0333
21.0561
21.079
21.1018
21.1247
21.1477
21.1706
21.1936
21.2166
21.2396
21.2626
21.2857
21.3088
21.3319
21.355
21.3782
21.4014
21.4246
21.4478
21.4711
21.4944
21.5177
21.5411
21.5644
21.5878
21.6112
21.6347
21.6581
21.6816
21.7052
21.7287
21.7523
21.7759
21.7995
21.8231
21.8468
21.8705
21.8942
21.918
21.9418
21.9656
21.9894
22.0133
22.0371
22.061
22.085
22.1089
22.1329
22.1569
22.181
22.205
22.2291
22.2532
22.2774
22.3015
22.3257
22.3499
22.3742
22.3985
22.4228
22.4471
22.4714
22.4958
22.5202
22.5446
22.5691
22.5936
22.6181
22.6426
22.6672
22.6918
22.7164
22.741
22.7657
22.7904
22.8151
22.8399
22.8646
22.8895
22.9143
22.9391
22.964
22.9889
23.0139
23.0388
23.0638
23.0889
23.1139
23.139
23.1641
23.1892
23.2144
23.2395
23.2648
23.29
23.3153
23.3405
23.3659
23.3912
23.4166
23.442
23.4674
23.4929
23.5184
23.5439
23.5694
23.595
23.6206
23.6462
23.6719
23.6975
23.7232
23.749
23.7747
23.8005
23.8263
23.8522
23.8781
23.904
23.9299
23.9559
23.9818
24.0079
24.0339
24.06
24.0861
24.1122
24.1384
24.1645
24.1908
24.217
24.2433
24.2696
24.2959
24.3223
24.3486
24.3751
24.4015
24.428
24.4545
24.481
24.5076
24.5341
24.5608
24.5874
24.6141
24.6408
24.6675
24.6943
24.721
24.7479
24.7747
24.8016
24.8285
24.8554
24.8824
24.9094
24.9364
24.9635
24.9905
25.0176
25.0448
25.072
25.0991
25.1264
25.1536
25.1809
25.2082
25.2356
25.263
25.2904
25.3178
25.3453
25.3728
25.4003
25.4278
25.4554
25.483
25.5107
25.5384
25.5661
25.5938
25.6216
25.6493
25.6772
25.705
25.7329
25.7608
25.7888
25.8167
25.8448
25.8728
25.9009
25.929
25.9571
25.9852
26.0134
26.0416
26.0699
26.0982
26.1265
26.1548
26.1832
26.2116
26.24
26.2685
26.297
26.3255
26.3541
26.3827
26.4113
26.4399
26.4686
26.4973
26.5261
26.5549
26.5837
26.6125
26.6414
26.6703
26.6992
26.7282
26.7572
26.7862
26.8152
26.8443
26.8735
26.9026
26.9318
26.961
26.9903
27.0195
27.0488
27.0782
27.1076
27.137
27.1664
27.1959
27.2254
27.2549
27.2845
27.3141
27.3437
27.3734
27.4031
27.4328
27.4626
27.4923
27.5222
27.552
27.5819
27.6118
27.6418
27.6718
27.7018
27.7318
27.7619
27.792
27.8222
27.8524
27.8826
27.9128
27.9431
27.9734
28.0038
28.0341
28.0646
28.095
28.1255
28.156
28.1865
28.2171
28.2477
28.2784
28.309
28.3397
28.3705
28.4013
28.4321
28.4629
28.4938
28.5247
28.5556
28.5866
28.6176
28.6487
28.6798
28.7109
28.742
28.7732
28.8044
28.8357
28.8669
28.8983
28.9296
28.961
28.9924
29.0239
29.0553
29.0869
29.1184
29.15
29.1816
29.2133
29.245
29.2767
29.3084
29.3402
29.3721
29.4039
29.4358
29.4678
29.4997
29.5317
29.5638
29.5958
29.6279
29.6601
29.6923
29.7245
29.7567
29.789
29.8213
29.8537
29.886
29.9185
29.9509
29.9834
30.0159
30.0485
30.0811
30.1137
30.1464
30.1791
30.2118
30.2446
30.2774
30.3103
30.3431
30.3761
30.409
30.442
30.475
30.5081
30.5412
30.5743
30.6075
30.6407
30.6739
30.7072
30.7405
30.7738
30.8072
30.8406
30.8741
30.9076
30.9411
30.9747
31.0083
31.0419
31.0756
31.1093
31.1431
31.1768
31.2107
31.2445
31.2784
31.3123
31.3463
31.3803
31.4144
31.4484
31.4826
31.5167
31.5509
31.5851
31.6194
31.6537
31.688
31.7224
31.7568
31.7913
31.8257
31.8603
31.8948
31.9294
31.9641
31.9987
32.0335
32.0682
32.103
32.1378
32.1727
32.2076
32.2425
32.2775
32.3125
32.3476
32.3827
32.4178
32.453
32.4882
32.5234
32.5587
32.594
32.6294
32.6648
32.7002
32.7357
32.7712
32.8067
32.8423
32.8779
32.9136
32.9493
32.9851
33.0208
33.0567
33.0925
33.1284
33.1644
33.2003
33.2363
33.2724
33.3085
33.3446
33.3808
33.417
33.4533
33.4895
33.5259
33.5622
33.5987
33.6351
33.6716
33.7081
33.7447
33.7813
33.8179
33.8546
33.8913
33.9281
33.9649
34.0018
34.0386
34.0756
34.1125
34.1495
34.1866
34.2237
34.2608
34.298
34.3352
34.3724
34.4097
34.447
34.4844
34.5218
34.5593
34.5967
34.6343
34.6718
34.7095
34.7471
34.7848
34.8225
34.8603
34.8981
34.936
34.9739
35.0118
35.0498
35.0878
35.1259
35.164
35.2021
35.2403
35.2786
35.3168
35.3551
35.3935
35.4319
35.4703
35.5088
35.5473
35.5859
35.6245
35.6631
35.7018
35.7406
35.7793
35.8181
35.857
35.8959
35.9348
35.9738
36.0128
36.0519
36.091
36.1302
36.1694
36.2086
36.2479
36.2872
36.3266
36.366
36.4054
36.4449
36.4844
36.524
36.5636
36.6033
36.643
36.6828
36.7226
36.7624
36.8023
36.8422
36.8822
36.9222
36.9622
37.0023
37.0425
37.0826
37.1229
37.1631
37.2035
37.2438
37.2842
37.3247
37.3652
37.4057
37.4463
37.4869
37.5276
37.5683
37.609
37.6498
37.6907
37.7315
37.7725
37.8134
37.8545
37.8955
37.9366
37.9778
38.019
38.0602
38.1015
38.1429
38.1842
38.2257
38.2671
38.3086
38.3502
38.3918
38.4334
38.4751
38.5169
38.5587
38.6005
38.6424
38.6843
38.7262
38.7682
38.8103
38.8524
38.8946
38.9367
38.979
39.0213
39.0636
39.106
39.1484
39.1909
39.2334
39.2759
39.3185
39.3612
39.4039
39.4466
39.4894
39.5323
39.5752
39.6181
39.6611
39.7041
39.7472
39.7903
39.8334
39.8767
39.9199
39.9632
40.0066
40.05
40.0934
40.1369
40.1804
40.224
40.2677
40.3114
40.3551
40.3989
40.4427
40.4866
40.5305
40.5744
40.6185
40.6625
40.7066
40.7508
40.795
40.8392
40.8836
40.9279
40.9723
41.0167
41.0612
41.1058
41.1504
41.195
41.2397
41.2844
41.3292
41.3741
41.4189
41.4639
41.5089
41.5539
41.599
41.6441
41.6893
41.7345
41.7798
41.8251
41.8705
41.9159
41.9613
42.0069
42.0524
42.0981
42.1437
42.1894
42.2352
42.281
42.3269
42.3728
42.4188
42.4648
42.5108
42.557
42.6031
42.6493
42.6956
42.7419
42.7883
42.8347
42.8812
42.9277
42.9743
43.0209
43.0676
43.1143
43.161
43.2079
43.2547
43.3017
43.3486
43.3957
43.4427
43.4899
43.537
43.5843
43.6315
43.6789
43.7263
43.7737
43.8212
43.8687
43.9163
43.9639
44.0116
44.0594
44.1072
44.155
44.2029
44.2509
44.2989
44.3469
44.395
44.4432
44.4914
44.5397
44.588
44.6364
44.6848
44.7333
44.7818
44.8304
44.879
44.9277
44.9764
45.0252
45.074
45.1229
45.1719
45.2209
45.2699
45.3191
45.3682
45.4174
45.4667
45.516
45.5654
45.6148
45.6643
45.7138
45.7634
45.8131
45.8628
45.9125
45.9623
46.0122
46.0621
46.1121
46.1621
46.2122
46.2623
46.3125
46.3627
46.413
46.4634
46.5138
46.5642
46.6148
46.6653
46.7159
46.7666
46.8174
46.8681
46.919
46.9699
47.0208
47.0718
47.1229
47.174
47.2252
47.2764
47.3277
47.3791
47.4304
47.4819
47.5334
47.585
47.6366
47.6883
47.74
47.7918
47.8436
47.8955
47.9475
47.9995
48.0516
48.1037
48.1559
48.2081
48.2604
48.3128
48.3652
48.4176
48.4702
48.5227
48.5754
48.6281
48.6808
48.7336
48.7865
48.8394
48.8924
48.9455
48.9985
49.0517
49.1049
49.1582
49.2115
49.2649
49.3183
49.3718
49.4254
49.479
49.5327
49.5864
49.6402
49.6941
49.748
49.8019
49.856
49.91
49.9642
50.0184
50.0726
50.127
50.1813
50.2358
50.2903
50.3448
50.3994
50.4541
50.5088
50.5636
50.6185
50.6734
50.7284
50.7834
50.8385
50.8936
50.9488
51.0041
51.0594
51.1148
51.1703
51.2258
51.2814
51.337
51.3927
51.4484
51.5042
51.5601
51.616
51.672
51.7281
51.7842
51.8404
51.8966
51.9529
52.0093
52.0657
52.1222
52.1787
52.2353
52.292
52.3487
52.4055
52.4624
52.5193
52.5762
52.6333
52.6904
52.7475
52.8047
52.862
52.9194
52.9768
53.0342
53.0918
53.1494
53.207
53.2647
53.3225
53.3804
53.4383
53.4962
53.5543
53.6124
53.6705
53.7288
53.787
53.8454
53.9038
53.9623
54.0208
54.0794
54.1381
54.1968
54.2556
54.3145
54.3734
54.4324
54.4914
54.5505
54.6097
54.6689
54.7282
54.7876
54.847
54.9065
54.9661
55.0257
55.0854
55.1452
55.205
55.2649
55.3248
55.3849
55.4449
55.5051
55.5653
55.6256
55.6859
55.7463
55.8068
55.8673
55.9279
55.9886
56.0493
56.1101
56.171
56.232
56.293
56.354
56.4152
56.4763
56.5376
56.5989
56.6603
56.7218
56.7833
56.8449
56.9066
56.9683
57.0301
57.092
57.1539
57.2159
57.278
57.3401
57.4023
57.4646
57.5269
57.5894
57.6518
57.7144
57.777
57.8397
57.9024
57.9652
58.0281
58.091
58.1541
58.2171
58.2803
58.3435
58.4068
58.4702
58.5336
58.5971
58.6607
58.7243
58.788
58.8518
58.9156
58.9795
59.0435
59.1076
59.1717
59.2359
59.3001
59.3644
59.4288
59.4933
59.5579
59.6225
59.6871
59.7519
59.8167
59.8816
59.9466
60.0116
60.0767
60.1419
60.2071
60.2724
60.3378
60.4032
60.4688
60.5344
60.6
60.6658
60.7316
60.7975
60.8634
60.9294
60.9955
61.0617
61.1279
61.1943
61.2606
61.3271
61.3936
61.4602
61.5269
61.5936
61.6605
61.7273
61.7943
61.8613
61.9284
61.9956
62.0629
62.1302
62.1976
62.2651
62.3326
62.4002
62.4679
62.5357
62.6035
62.6714
62.7394
62.8075
62.8756
62.9438
63.0121
63.0805
63.1489
63.2174
63.286
63.3546
63.4234
63.4922
63.561
63.63
63.699
63.7681
63.8373
63.9065
63.9759
64.0453
64.1147
64.1843
64.2539
64.3236
64.3934
64.4633
64.5332
64.6032
64.6733
64.7434
64.8137
64.884
64.9544
65.0248
65.0954
65.166
65.2367
65.3074
65.3783
65.4492
65.5202
65.5913
65.6624
65.7337
65.805
65.8764
65.9478
66.0194
66.091
66.1627
66.2344
66.3063
66.3782
66.4502
66.5223
66.5945
66.6667
66.739
66.8114
66.8839
66.9565
67.0291
67.1018
67.1746
67.2475
67.3204
67.3935
67.4666
67.5398
67.613
67.6864
67.7598
67.8333
67.9069
67.9805
68.0543
68.1281
68.202
68.276
68.3501
68.4242
68.4984
68.5728
68.6471
68.7216
68.7962
68.8708
68.9455
69.0203
69.0952
69.1701
69.2452
69.3203
69.3955
69.4707
69.5461
69.6216
69.6971
69.7727
69.8484
69.9241
70
